
null : 342.0 -> [0,9,] : 1110.0
null : 726.0 -> [2,9,] : 1110.0
[2,9,] : 1110.0 -> [9,10,] : 1494.0
[9,10,] : 1494.0 -> [0,9,10,] : 2262.0
[0,9,10,] : 1878.0 -> [2,9,10,] : 2262.0
[2,9,10,] : 2262.0 -> [9,10,15,] : 2390.0
[9,10,15,18,] : 2732.0 -> [0,9,10,15,18,] : 3116.0
[0,9,10,15,18,] : 3116.0 -> [2,9,10,15,18,] : 3500.0
[2,9,10,15,18,] : 3500.0 -> [0,2,9,10,15,18,] : 3884.0
[0,2,9,10,15,18,] : 3884.0 -> [2,3,9,10,15,18,] : 3899.0
[2,3,9,10,15,18,] : 3899.0 -> [2,5,9,10,15,18,] : 4140.0
[1,2,5,9,10,15,18,] : 4197.0 -> [0,1,2,5,9,10,15,18,] : 4596.0
[1,2,5,9,10,15,18,] : 4581.0 -> [1,2,3,5,9,10,15,18,] : 4596.0
[0,1,2,5,9,10,15,18,] : 4596.0 -> [1,2,5,6,9,10,15,18,] : 4710.0
[0,1,2,5,9,10,15,18,] : 4653.0 -> [1,2,5,9,10,15,17,18,] : 4710.0
[1,2,5,6,9,10,15,18,] : 4710.0 -> [0,1,2,3,5,9,10,15,18,] : 4980.0
[0,1,2,3,5,9,10,15,18,] : 4980.0 -> [0,1,2,5,6,9,10,15,18,] : 5037.0
[0,1,2,5,6,9,10,15,18,] : 5037.0 -> [0,1,2,5,9,10,15,17,18,] : 5094.0
[0,1,2,5,9,10,15,17,18,] : 5094.0 -> [1,2,3,5,9,10,15,17,18,] : 5109.0
[1,2,3,5,9,10,15,17,18,] : 5109.0 -> [1,2,5,6,9,10,15,17,18,] : 5166.0
[1,2,5,6,9,10,15,17,] : 4824.0 -> [0,1,2,5,6,9,10,15,17,] : 5208.0
[0,1,2,5,6,9,10,15,17,] : 5208.0 -> [1,2,3,5,6,9,10,15,17,] : 5223.0
[1,2,3,5,6,9,10,15,17,] : 5223.0 -> [0,1,2,3,5,6,9,10,15,17,] : 5607.0
[0,1,2,3,5,6,9,10,15,17,] : 5607.0 -> [1,2,3,5,6,7,9,10,15,17,] : 5622.0
[1,2,3,5,6,7,9,10,15,] : 5109.0 -> [0,1,2,3,5,6,7,9,10,15,] : 5508.0
[0,1,2,3,5,6,7,9,10,15,] : 5493.0 -> [1,2,3,5,6,7,9,10,13,15,] : 5508.0
[1,2,3,5,6,7,9,10,13,15,] : 5508.0 -> [1,2,3,5,6,7,9,10,15,17,] : 5622.0
[1,2,3,5,6,7,9,10,15,17,] : 5622.0 -> [0,1,2,3,4,5,6,7,9,10,15,] : 5721.0
[0,1,2,3,4,5,6,7,9,10,15,] : 5721.0 -> [0,1,2,3,5,6,7,9,10,13,15,] : 6006.0
[0,1,2,3,4,5,6,7,9,10,15,] : 5892.0 -> [0,1,2,3,5,6,7,9,10,15,17,] : 6006.0
[0,1,2,3,5,6,7,9,10,15,17,] : 6006.0 -> [1,2,3,5,6,7,9,10,13,15,17,] : 6021.0
[1,2,3,5,6,7,9,13,15,17,] : 5253.0 -> [1,2,3,5,6,7,9,10,13,15,17,] : 6021.0
[1,2,3,5,6,7,9,13,15,17,] : 4869.0 -> [0,1,2,3,5,6,7,9,13,15,17,] : 6021.0
[0,1,2,3,5,6,7,9,13,15,17,] : 6021.0 -> [0,1,2,3,5,6,7,9,10,13,15,17,] : 6405.0
[0,1,2,3,5,6,7,8,9,10,13,15,17,] : 6661.0 -> [0,1,2,3,4,5,6,7,8,9,10,13,15,17,] : 6889.0
[0,1,2,3,4,5,6,7,8,9,10,13,15,17,] : 6889.0 -> [0,1,2,3,5,6,7,8,9,10,13,14,15,17,] : 7045.0
[0,1,2,3,5,6,7,8,9,10,13,14,15,17,] : 7045.0 -> [0,1,2,3,4,5,6,7,8,9,10,13,14,15,17,] : 7273.0
[0,1,2,3,4,5,6,7,8,9,10,13,14,15,17,] : 7273.0 -> [0,1,2,3,5,6,7,8,9,10,13,14,15,16,17,] : 7330.0
[0,1,2,3,5,6,7,8,9,10,13,14,15,16,17,] : 7330.0 -> [0,1,2,3,5,6,7,8,9,10,13,14,15,17,18,] : 7387.0
[0,1,2,3,5,7,8,9,10,13,14,15,17,18,] : 6931.0 -> [0,1,2,3,4,5,7,8,9,10,13,14,15,17,18,] : 7387.0
[0,1,2,3,5,7,8,9,10,13,14,15,17,18,] : 7159.0 -> [0,1,2,3,5,6,7,8,9,10,13,14,15,17,18,] : 7387.0
[0,1,2,3,5,6,7,8,9,10,13,14,15,17,18,] : 7387.0 -> [0,1,2,3,4,5,6,7,8,9,10,13,14,15,17,18,] : 7672.0
[0,1,2,3,5,6,7,8,9,10,13,14,15,17,18,] : 7615.0 -> [0,1,2,3,5,6,7,8,9,10,13,14,15,16,17,18,] : 7672.0
[0,1,2,3,5,6,7,8,9,10,13,14,15,17,18,] : 7387.0 -> [0,1,2,3,4,5,6,7,8,9,10,13,14,15,17,18,] : 7672.0
[0,1,2,3,5,6,7,8,9,10,13,14,15,17,18,] : 7615.0 -> [0,1,2,3,5,6,7,8,9,10,13,14,15,16,17,18,] : 7672.0
[0,1,2,3,5,6,7,8,9,10,13,14,15,16,17,18,] : 7672.0 -> [0,1,2,3,4,5,6,7,8,9,10,13,14,15,16,17,18,] : 7900.0
[0,1,2,3,4,5,6,7,9,10,13,14,15,16,17,18,] : 7644.0 -> [0,1,2,3,4,5,6,7,8,9,10,13,14,15,16,17,18,] : 7900.0
[0,1,2,3,4,5,6,7,8,9,10,13,14,15,16,17,18,] : 7900.0 -> [0,1,2,3,4,5,6,7,8,9,10,11,13,14,15,16,17,18,] : 7957.0
[0,1,2,3,4,5,6,7,8,9,10,11,13,14,15,16,17,18,] : 7957.0 -> [0,1,2,3,4,5,6,7,8,9,10,12,13,14,15,16,17,18,] : 8071.0
[0,1,2,3,4,5,6,8,9,10,12,13,14,15,16,17,18,] : 7672.0 -> [0,1,2,3,4,5,6,7,8,9,10,12,13,14,15,16,17,18,] : 8071.0
[0,1,2,3,4,5,6,7,8,9,10,12,13,14,15,16,17,18,] : 8071.0 -> [0,1,2,3,4,5,6,7,8,9,10,11,12,13,14,15,16,17,18,] : 8128.0
[0,1,2,3,4,5,6,7,8,9,10,11,12,13,14,15,16,17,18,] : 8128.0 -> [0,1,2,3,4,5,6,7,8,9,10,12,13,14,15,16,17,18,19] : 8242.0