
20.0, [11,] -> [11,16,] : 342.0
1.5157165665103978, [11,] -> [3,11,] : 456.0
0.11486983549970345, [11,] -> [10,11,] : 1209.0
6.597539553864466E-4, [11,] -> [10,11,] : 1209.0
2.804439343254461E-35, [10,11,] -> [5,10,11,] : 1849.0
20.0, [5,10,11,18,] -> [5,10,11,18,19] : 2191.0
1.5157165665103978, [5,10,11,18,] -> [5,6,10,11,18,] : 2647.0
0.008705505632961236, [5,10,11,18,] -> [5,10,11,17,18,] : 2704.0
6.597539553864466E-4, [5,10,11,18,] -> [2,5,10,11,18,] : 2959.0
1.649384888466115E-9, [5,10,11,18,] -> [2,5,10,11,18,] : 2959.0
7.179364718731452E-13, [5,10,11,18,] -> [2,5,10,11,18,] : 2959.0
2.3683071351724895E-17, [5,10,11,18,] -> [2,5,10,11,18,] : 2959.0
2.5771638882282963E-26, [5,10,11,18,] -> [2,5,10,11,18,] : 2959.0
1.4801919594828026E-28, [5,10,11,18,] -> [2,5,10,11,18,] : 2959.0
3.700479898707002E-34, [5,10,11,18,] -> [2,5,10,11,18,] : 2959.0
1.5157165665103978, [2,5,10,11,12,18,] -> [0,2,5,10,11,12,18,] : 3514.0
20.0, [2,5,10,11,12,18,] -> [2,3,5,10,11,12,18,] : 3529.0
1.5157165665103978, [2,5,10,11,12,18,] -> [2,5,10,11,12,17,18,] : 3643.0
20.0, [2,5,10,11,12,18,] -> [2,5,6,10,11,12,18,] : 3586.0
1.5157165665103978, [0,2,5,10,11,12,18,] -> [0,2,5,9,10,11,12,18,] : 3856.0
0.11486983549970345, [2,3,5,10,11,12,18,] -> [2,3,5,7,10,11,12,18,] : 3928.0
1.220703124999991E-38, [2,5,10,11,12,18,] -> [2,5,10,11,12,15,18,] : 4026.0
3.320886853393994E-53, [2,5,10,11,12,18,] -> [2,5,10,11,12,15,18,] : 4026.0
20.0, [2,5,10,11,12,14,15,18,] -> [2,3,5,10,11,12,14,15,18,] : 4809.0
1.5157165665103978, [2,5,10,11,12,14,15,18,] -> [2,5,10,11,12,13,14,15,18,] : 4809.0
6.597539553864466E-4, [2,5,10,11,12,14,15,18,] -> [2,5,7,10,11,12,14,15,18,] : 4809.0
4.999999999999995E-5, [2,5,10,11,12,14,15,18,] -> [2,5,6,10,11,12,14,15,18,] : 4866.0
1.9531249999999898E-27, [2,5,10,11,12,14,15,18,] -> [2,5,10,11,12,14,15,17,18,] : 4923.0
6.442909720570733E-32, [2,5,10,11,12,14,15,18,] ---> [2,5,6,10,11,12,14,15,18,] : 4866.0
1.6107274301426816E-37, [2,5,10,11,12,14,15,18,] -> [2,5,6,10,11,12,14,15,18,] : 4866.0
2.3127999366918715E-45, [2,5,10,11,12,14,15,18,] -> [2,5,10,11,12,14,15,17,18,] : 4923.0
1.5157165665103978, [1,2,5,10,11,12,14,15,17,18,] -> [1,2,5,9,10,11,12,14,15,17,18,] : 5322.0
6.597539553864466E-4, [1,2,5,10,11,12,14,15,17,18,] -> [1,2,5,10,11,12,13,14,15,17,18,] : 5379.0
3.1249999999999906E-16, [1,2,5,10,11,12,14,15,17,18,] -> [1,2,5,6,10,11,12,14,15,17,18,] : 5436.0
4.882812499999969E-33, [1,2,5,10,11,12,14,15,17,18,] -> [1,2,5,6,10,11,12,14,15,17,18,] : 5436.0
3.320886853393994E-53, [1,2,5,10,11,12,14,15,17,18,] -> [1,2,5,6,10,11,12,14,15,17,18,] : 5436.0
20.0, [1,2,5,6,10,11,12,14,15,16,17,18,] -> [1,2,3,5,6,10,11,12,14,15,16,17,18,] : 5721.0
1.5157165665103978, [1,2,5,6,10,11,12,14,15,16,17,18,] -> [1,2,5,6,9,10,11,12,14,15,16,17,18,] : 6063.0
20.0, [1,2,5,6,10,11,12,14,15,16,17,18,] -> [0,1,2,5,6,10,11,12,14,15,16,17,18,] : 5721.0
0.008705505632961236, [1,2,3,5,6,10,11,12,14,15,16,17,18,] -> [1,2,3,5,6,10,11,12,14,15,16,17,18,19] : 6291.0
3.7892914162759905E-6, [0,1,2,5,6,10,11,12,14,15,16,17,18,] -> [0,1,2,3,5,6,10,11,12,14,15,16,17,18,] : 6504.0
1.2499999999999975E-10, [1,2,3,5,6,10,11,12,14,15,16,17,18,19] -> [1,2,3,5,6,8,10,11,12,14,15,16,17,18,19] : 6547.0
20.0, [1,2,3,5,6,10,11,12,14,15,16,17,18,19] -> [1,2,3,5,6,7,10,11,12,14,15,16,17,18,19] : 6690.0
3.7892914162759905E-6, [1,2,3,5,6,10,11,12,14,15,16,17,18,19] -> [1,2,3,5,6,10,11,12,13,14,15,16,17,18,19] : 6690.0
1.2499999999999975E-10, [1,2,3,5,6,7,10,11,12,14,15,16,17,18,19] -> [1,2,3,5,6,7,9,10,11,12,14,15,16,17,18,19] : 7032.0
0.008705505632961236, [1,2,3,5,6,7,9,10,11,12,14,15,17,18,19] -> [1,2,3,5,6,7,8,9,10,11,12,14,15,17,18,19] : 7003.0
7.179364718731452E-13, [1,2,3,5,6,7,9,10,11,12,14,15,17,18,19] -> [0,1,2,3,5,6,7,9,10,11,12,14,15,17,18,19] : 7146.0
5.4409410206007615E-14, [1,2,3,5,6,7,9,10,11,12,14,15,17,18,19] -> [1,2,3,5,6,7,9,10,11,12,13,14,15,17,18,19] : 7146.0
5.781999841729672E-51, [1,2,3,5,6,7,9,10,11,12,14,15,17,18,19] -> [1,2,3,5,6,7,9,10,11,12,13,14,15,17,18,19] : 7146.0
20.0, [1,3,5,6,7,9,10,11,12,13,14,15,17,18,19] -> [1,2,3,5,6,7,9,10,11,12,13,14,15,17,18,19] : 7146.0
20.0, [1,3,5,6,7,9,10,11,12,13,14,15,17,18,19] -> [0,1,3,5,6,7,9,10,11,12,13,14,15,17,18,19] : 7146.0
1.649384888466115E-9, [1,3,5,6,7,9,10,11,12,13,14,15,17,18,19] -> [1,2,3,5,6,7,9,10,11,12,13,14,15,17,18,19] : 7146.0
1.1217757373017857E-29, [1,3,5,6,7,9,10,11,12,13,14,15,17,18,19] -> [1,2,3,5,6,7,9,10,11,12,13,14,15,17,18,19] : 7146.0
1.7527745895340344E-46, [1,3,5,6,7,9,10,11,12,13,14,15,17,18,19] -> [1,2,3,5,6,7,9,10,11,12,13,14,15,17,18,19] : 7146.0
1.095484118458769E-57, [1,3,5,6,7,9,10,11,12,13,14,15,17,18,19] -> [1,2,3,5,6,7,9,10,11,12,13,14,15,17,18,19] : 7146.0
0.11486983549970345, [1,2,3,5,6,9,10,11,12,13,14,15,17,18,19] -> [0,1,2,3,5,6,9,10,11,12,13,14,15,17,18,19] : 7131.0
7.179364718731452E-13, [1,2,3,5,6,9,10,11,12,13,14,15,17,18,19] -> [1,2,3,5,6,7,9,10,11,12,13,14,15,17,18,19] : 7146.0
1.4801919594828026E-28, [1,2,3,5,6,9,10,11,12,13,14,15,17,18,19] -> [1,2,3,5,6,7,9,10,11,12,13,14,15,17,18,19] : 7146.0
2.176376408240307E-8, [1,2,5,6,7,9,10,11,12,13,14,15,17,18,19] -> [1,2,5,6,7,9,10,11,12,13,14,15,16,17,18,19] : 7032.0
1.649384888466115E-9, [1,2,5,6,7,9,10,11,12,13,14,15,17,18,19] -> [1,2,3,5,6,7,9,10,11,12,13,14,15,17,18,19] : 7146.0
4.882812499999969E-33, [1,2,5,6,7,9,10,11,12,13,14,15,17,18,19] -> [1,2,3,5,6,7,9,10,11,12,13,14,15,17,18,19] : 7146.0
7.629394531249927E-50, [1,2,5,6,7,9,10,11,12,13,14,15,17,18,19] -> [1,2,3,5,6,7,9,10,11,12,13,14,15,17,18,19] : 7146.0