
6.25200013E9
6.252000139E9
6.25200015E9
6.252000152E9
8.75300025E9
9.419062916E9
9.419062933E9
9.419062935E9
9.419062937E9
9.419062942E9
9.419062946E9
9.419062947E9
9.419062948E9
9.732563027E9
9.732563043E9
9.732563046E9
9.929875694E9
9.92987571E9
9.969938269E9
9.969938306E9
9.969938309E9
9.990469645E9
9.99046966E9
9.990469663E9
9.990469672E9
9.990469675E9
9.990469676E9
9.990469765E9
9.990469774E9
9.990469863E9
9.990469871E9
9.990469872E9
9.990469961E9
9.990469969E9
9.990470063E9
9.990470067E9
9.990470068E9
9.990470157E9
9.990470161E9
9.99047025E9
9.990470253E9
9.990470254E9
9.990470343E9
9.990470346E9
9.990470347E9
9.990470436E9
9.990470439E9
9.990470528E9
9.99047053E9
9.990470531E9
9.99047062E9
9.990470622E9
9.990470711E9
9.990470712E9
9.990470801E9
9.990470873E9
9.990470882E9
9.990470889E9
9.99047089E9
9.990470962E9
9.990470971E9
9.990470978E9
9.990470979E9
9.990471051E9
9.99047106E9
9.990471067E9