
20.0, [737,] -> [187,737,] : 2.54106269E9
1.5157165665103978, [737,] -> [737,861,] : 2.54106269E9
3.7892914162759905E-6, [737,] -> [10,737,] : 5.041062627E9
2.8717458874925836E-7, [737,] -> [82,737,] : 5.041062658E9
1.0308655552913197E-20, [737,] -> [12,737,] : 5.04106269E9
20.0, [12,531,737,] -> [12,531,590,737,] : 5.19831275E9
20.0, [12,531,737,] -> [12,531,698,737,] : 5.19831275E9
20.0, [12,531,737,] -> [12,305,531,737,] : 5.19831275E9
20.0, [12,531,737,] -> [12,531,616,737,] : 5.19831275E9
1.5157165665103978, [12,531,737,] -> [12,531,570,737,] : 5.355562813E9
0.008705505632961236, [12,531,590,737,] -> [12,404,531,590,737,] : 5.66906287E9
6.597539553864466E-4, [12,531,737,] -> [12,278,531,737,] : 6.449312758E9
4.999999999999995E-5, [12,531,737,] -> [12,136,531,737,] : 7.699312791E9
3.1249999999999906E-16, [12,531,737,] -> [12,123,531,737,] : 7.699312835E9
3.051757812499974E-44, [12,531,737,] ---> [12,161,531,737,] : 7.699312805E9
8.302217133484977E-59, [12,531,737,] -> [12,150,531,737,] : 7.699312836E9
20.0, [12,150,531,737,] -> [12,150,531,737,938,] : 7.699312836E9
20.0, [12,150,531,737,] -> [12,150,203,531,737,] : 7.699312836E9
1.5157165665103978, [12,150,531,737,] -> [12,150,531,612,737,] : 7.699312836E9
20.0, [12,150,531,737,] -> [12,150,531,737,759,] : 7.699312836E9
20.0, [12,150,531,737,] -> [12,150,436,531,737,] : 7.699312836E9
0.11486983549970345, [12,150,531,737,] -> [12,150,531,726,737,] : 7.699312836E9
20.0, [12,150,531,737,] -> [12,150,425,531,737,] : 8.970844252E9
20.0, [12,150,203,531,737,] -> [12,150,203,531,737,855,] : 8.970844252E9
20.0, [12,150,531,737,] -> [12,150,531,572,737,] : 8.970844252E9
9.473228540689967E-12, [12,150,203,531,737,855,] -> [12,150,203,389,531,737,855,] : 9.596844329E9
20.0, [12,150,203,389,531,737,855,937,] -> [12,150,203,389,531,737,855,893,937,] : 9.596844395E9
1.5157165665103978, [12,150,203,389,531,737,855,937,] -> [12,150,203,389,531,737,810,855,937,] : 9.617375732E9
1.5157165665103978, [12,150,203,389,531,737,855,937,] -> [12,150,203,389,531,678,737,855,937,] : 9.910344475E9
1.5157165665103978, [12,150,203,389,531,737,855,937,] -> [12,150,203,389,447,531,737,855,937,] : 9.910344475E9
2.8717458874925836E-7, [12,150,203,389,531,737,855,937,] -> [12,150,203,389,480,531,737,855,937,] : 9.910344481E9
2.5771638882282963E-26, [12,150,203,389,531,737,855,937,] ---> [12,150,203,389,440,531,737,855,937,] : 9.910344473E9
5.313418965430402E-42, [12,150,203,389,531,737,855,937,] -> [12,150,203,389,476,531,737,855,937,] : 9.910344483E9
20.0, [12,150,203,389,476,531,676,737,855,937,] -> [12,150,203,389,476,531,676,737,855,934,937,] : 9.989469536E9
1.5157165665103978, [12,150,203,389,476,531,676,737,855,937,] -> [12,150,203,389,476,531,676,737,855,916,937,] : 9.989469536E9
1.2499999999999975E-10, [12,150,203,389,476,531,676,737,855,937,] -> [12,150,203,389,476,531,676,737,855,904,937,] : 9.989469634E9
2.1253675861721633E-36, [12,150,203,389,476,531,676,737,855,937,] ---> [12,150,203,389,476,531,676,737,855,918,937,] : 9.989469633E9
1.0308655552913197E-20, [12,150,203,389,476,531,676,737,855,918,937,] -> [12,150,203,389,476,531,676,737,855,918,923,937,] : 9.989469701E9
1.328354741357599E-47, [12,150,203,389,476,531,676,737,855,918,937,] ---> [12,150,203,389,476,531,676,737,855,918,937,970,] : 9.989469691E9
4.123462221165283E-15, [12,150,203,389,476,531,676,737,855,918,937,967,970,] -> [12,150,203,389,476,531,676,737,855,910,918,937,967,970,] : 9.989469749E9
2.5771638882282963E-26, [12,150,203,389,476,531,676,737,855,918,937,967,970,] -> [12,150,203,389,476,531,676,737,855,918,937,967,970,982,] : 9.989469789E9
1.794841179682861E-18, [12,150,203,389,476,531,676,737,855,918,937,967,970,982,] -> [12,150,203,389,476,531,676,737,855,918,937,967,970,978,982,] : 9.989469882E9
4.0268185753566995E-43, [12,150,203,389,476,531,676,737,855,918,937,967,970,982,] ---> [12,150,203,389,476,531,676,737,855,918,937,967,970,982,991,] : 9.989469868E9
2.3127999366918715E-45, [12,150,203,389,476,531,676,737,855,918,937,967,970,982,] ---> [12,150,203,389,476,531,676,737,855,918,937,939,967,970,982,] : 9.989469868E9
20.0, [12,150,203,389,476,531,676,737,855,918,937,939,967,970,982,] -> [12,150,203,389,476,531,676,737,855,918,937,939,967,970,976,982,] : 9.989469868E9
1.2499999999999975E-10, [12,150,203,389,476,531,676,737,855,918,937,939,967,970,982,] -> [12,150,203,389,476,531,676,737,855,918,937,939,967,970,982,991,] : 9.989469958E9
7.179364718731452E-13, [12,150,203,389,476,531,676,737,855,918,937,939,967,970,982,991,] -> [12,150,203,389,476,531,676,737,855,918,936,937,939,967,970,982,991,] : 9.989470029E9
8.501470344688662E-31, [12,150,203,389,476,531,676,737,855,918,937,939,967,970,982,991,] ---> [12,150,203,389,476,531,676,737,855,918,937,939,948,967,970,982,991,] : 9.989470024E9
2.8717458874925836E-7, [12,150,203,389,476,531,676,737,855,918,937,939,948,967,970,982,991,] -> [12,150,203,389,476,531,676,737,855,918,937,939,948,967,970,982,983,991,] : 9.989470117E9
8.501470344688662E-31, [12,150,203,389,476,531,676,737,855,918,937,939,948,967,970,982,991,] ---> [12,150,203,389,476,531,676,737,855,918,937,939,948,967,970,982,991,998,] : 9.989470076E9
6.442909720570733E-32, [12,150,203,389,476,531,676,737,855,918,937,939,948,967,970,982,991,] -> [12,150,203,389,476,531,676,737,855,918,925,937,939,948,967,970,982,991,] : 9.989470089E9
9.251199746767496E-40, [12,150,203,389,476,531,676,737,855,918,937,939,948,967,970,982,991,] -> [12,150,203,389,476,531,676,737,855,918,937,939,948,953,967,970,982,991,] : 9.989470113E9