
2.54106269E9
6.0593905E7
5.041062627E9
5.041062658E9
5.04106269E9
5.355562844E9
5.277437808E9
5.82431281E9
5.277437797E9
5.355562813E9
5.66906287E9
6.449312758E9
7.699312791E9
7.699312835E9
7.699312805E9
7.699312836E9
7.69931285E9
8.950312926E9
7.778437924E9
7.739375399E9
7.739375389E9
8.012812879E9
7.856562909E9
7.699312836E9
8.970844252E9
9.596844329E9
9.617375706E9
9.617375732E9
9.675969477E9
9.910344475E9
9.910344481E9
9.910344473E9
9.910344483E9
9.989469586E9
9.989469564E9
9.989469634E9
9.989469633E9
9.989469701E9
9.989469691E9
9.989469749E9
9.989469789E9
9.989469882E9
9.989469879E9
9.989469868E9
9.98946989E9
9.989469958E9
9.989470029E9
9.989470024E9
9.989470117E9
9.989470076E9
9.989470089E9
9.989470113E9