
1146.0
1216.0
1216.0
1310.0
1372.0
1388.0
1446.0
1448.0
2246.0
2316.0
2410.0
2472.0
2488.0
2486.0
2546.0
4402.0
4472.0
4566.0
4628.0
4644.0
4702.0
5500.0
5570.0
5664.0
5726.0
5742.0
5757.0
5795.0
5798.0
7177.0
7247.0
7341.0
7403.0
7419.0
7472.0
7434.0
8270.0
8340.0
8434.0
8496.0
8512.0
8527.0
8530.0
8538.0
8561.0
8565.0
9996.0
10066.0
10160.0
10222.0
10238.0
10253.0
10256.0
10264.0
10287.0
11085.0
11155.0
11249.0
11311.0
11327.0
11342.0
11345.0
11353.0
11363.0
11373.0
12756.0
12826.0
12920.0
12982.0
12998.0
13013.0
13016.0
13024.0
13034.0
13832.0
13902.0
13996.0
14058.0
14074.0
14089.0
14092.0
14100.0
15193.0
15263.0
15357.0
15419.0
15435.0
15450.0
15453.0
15459.0
16091.0
16129.0
16143.0
16248.0