
null : 348.0 -> [0,153,] : 1146.0
[0,153,] : 1146.0 -> [1,153,] : 1216.0
[0,153,] : 1146.0 -> [1,153,] : 1216.0
[1,153,] : 1216.0 -> [2,153,] : 1310.0
[2,153,] : 1310.0 -> [10,153,] : 1372.0
[10,153,] : 1372.0 -> [13,153,] : 1446.0
[10,153,] : 1388.0 -> [14,153,] : 1446.0
[14,153,] : 1446.0 -> [139,153,] : 1448.0
[139,153,] : 1448.0 -> [0,139,153,] : 2246.0
[0,139,153,] : 2246.0 -> [1,139,153,] : 2316.0
[1,139,153,] : 2316.0 -> [2,139,153,] : 2410.0
[2,139,153,] : 2410.0 -> [10,139,153,] : 2486.0
[10,139,153,] : 2486.0 -> [13,139,153,] : 2488.0
[10,139,153,] : 2472.0 -> [13,14,153,] : 2488.0
[13,139,153,] : 2488.0 -> [14,139,153,] : 2546.0
[14,130,139,153,] : 3604.0 -> [0,14,130,139,153,] : 4402.0
[0,14,130,139,153,] : 4402.0 -> [1,14,130,139,153,] : 4472.0
[1,14,130,139,153,] : 4472.0 -> [2,14,130,139,153,] : 4566.0
[2,14,130,139,153,] : 4566.0 -> [10,14,130,139,153,] : 4628.0
[10,14,130,139,153,] : 4628.0 -> [13,14,130,139,153,] : 4644.0
[13,14,130,139,153,] : 4644.0 -> [14,31,130,139,153,] : 4702.0
[14,31,130,139,153,] : 4702.0 -> [0,14,31,130,139,153,] : 5500.0
[0,14,31,130,139,153,] : 5500.0 -> [1,14,31,130,139,153,] : 5570.0
[1,14,31,130,139,153,] : 5570.0 -> [2,14,31,130,139,153,] : 5664.0
[2,14,31,130,139,153,] : 5664.0 -> [10,14,31,130,139,153,] : 5726.0
[10,14,31,130,139,153,] : 5726.0 -> [13,14,31,130,139,153,] : 5742.0
[13,14,31,130,139,153,] : 5742.0 -> [14,31,49,130,139,153,] : 5757.0
[14,31,49,130,139,153,] : 5757.0 -> [14,31,67,130,139,153,] : 5795.0
[14,31,67,130,139,153,] : 5795.0 -> [14,31,85,130,139,153,] : 5798.0
[14,31,85,130,139,153,175,] : 6379.0 -> [0,14,31,85,130,139,153,175,] : 7177.0
[0,14,31,85,130,139,153,175,] : 7177.0 -> [1,14,31,85,130,139,153,175,] : 7247.0
[1,14,31,85,130,139,153,175,] : 7247.0 -> [2,14,31,85,130,139,153,175,] : 7341.0
[2,14,31,85,130,139,153,175,] : 7341.0 -> [10,14,31,85,130,139,153,175,] : 7403.0
[10,14,31,85,130,139,153,175,] : 7403.0 -> [13,14,31,85,130,139,153,175,] : 7419.0
[13,14,31,85,130,139,153,175,] : 7434.0 -> [14,31,67,85,130,139,153,175,] : 7472.0
[13,14,31,85,130,139,153,175,] : 7419.0 -> [14,31,49,85,130,139,153,175,] : 7472.0
[14,31,49,85,130,139,153,175,] : 7472.0 -> [0,14,31,67,85,130,139,153,175,] : 8270.0
[0,14,31,67,85,130,139,153,175,] : 8270.0 -> [1,14,31,67,85,130,139,153,175,] : 8340.0
[1,14,31,67,85,130,139,153,175,] : 8340.0 -> [2,14,31,67,85,130,139,153,175,] : 8434.0
[2,14,31,67,85,130,139,153,175,] : 8434.0 -> [10,14,31,67,85,130,139,153,175,] : 8496.0
[10,14,31,67,85,130,139,153,175,] : 8496.0 -> [13,14,31,67,85,130,139,153,175,] : 8512.0
[13,14,31,67,85,130,139,153,175,] : 8512.0 -> [14,31,49,67,85,130,139,153,175,] : 8527.0
[14,31,49,67,85,130,139,153,175,] : 8527.0 -> [14,31,67,68,85,130,139,153,175,] : 8530.0
[14,31,67,68,85,130,139,153,175,] : 8530.0 -> [14,31,67,76,85,130,139,153,175,] : 8538.0
[14,31,67,76,85,130,139,153,175,] : 8538.0 -> [14,31,67,85,119,130,139,153,175,] : 8561.0
[14,31,67,85,119,130,139,153,175,] : 8561.0 -> [14,31,67,85,130,139,153,175,179,] : 8565.0
[14,31,67,85,113,130,139,153,175,179,] : 9198.0 -> [0,14,31,67,85,113,130,139,153,175,179,] : 9996.0
[0,14,31,67,85,113,130,139,153,175,179,] : 9996.0 -> [1,14,31,67,85,113,130,139,153,175,179,] : 10066.0
[1,14,31,67,85,113,130,139,153,175,179,] : 10066.0 -> [2,14,31,67,85,113,130,139,153,175,179,] : 10160.0
[2,14,31,67,85,113,130,139,153,175,179,] : 10160.0 -> [10,14,31,67,85,113,130,139,153,175,179,] : 10238.0
[2,14,31,67,85,113,130,139,153,175,179,] : 10222.0 -> [13,14,31,67,85,113,130,139,153,175,179,] : 10238.0
[13,14,31,67,85,113,130,139,153,175,179,] : 10238.0 -> [14,31,49,67,85,113,130,139,153,175,179,] : 10256.0
[13,14,31,67,85,113,130,139,153,175,179,] : 10253.0 -> [14,31,67,68,85,113,130,139,153,175,179,] : 10256.0
[14,31,67,68,85,113,130,139,153,175,179,] : 10256.0 -> [14,31,67,76,85,113,130,139,153,175,179,] : 10287.0
[14,31,67,76,85,113,130,139,153,175,179,] : 10264.0 -> [14,31,67,85,113,119,130,139,153,175,179,] : 10287.0
[14,31,67,85,113,119,130,139,153,175,179,] : 10287.0 -> [0,14,31,67,85,113,119,130,139,153,175,179,] : 11085.0
[0,14,31,67,85,113,119,130,139,153,175,179,] : 11085.0 -> [1,14,31,67,85,113,119,130,139,153,175,179,] : 11155.0
[1,14,31,67,85,113,119,130,139,153,175,179,] : 11155.0 -> [2,14,31,67,85,113,119,130,139,153,175,179,] : 11249.0
[2,14,31,67,85,113,119,130,139,153,175,179,] : 11249.0 -> [10,14,31,67,85,113,119,130,139,153,175,179,] : 11311.0
[10,14,31,67,85,113,119,130,139,153,175,179,] : 11311.0 -> [13,14,31,67,85,113,119,130,139,153,175,179,] : 11327.0
[13,14,31,67,85,113,119,130,139,153,175,179,] : 11327.0 -> [14,31,49,67,85,113,119,130,139,153,175,179,] : 11342.0
[14,31,49,67,85,113,119,130,139,153,175,179,] : 11342.0 -> [14,31,67,68,85,113,119,130,139,153,175,179,] : 11345.0
[14,31,67,68,85,113,119,130,139,153,175,179,] : 11345.0 -> [14,31,67,76,85,113,119,130,139,153,175,179,] : 11353.0
[14,31,67,76,85,113,119,130,139,153,175,179,] : 11353.0 -> [14,31,67,85,113,119,130,139,142,153,175,179,] : 11363.0
[14,31,67,85,113,119,130,139,142,153,175,179,] : 11363.0 -> [14,31,67,85,113,119,130,139,153,175,179,188,] : 11373.0
[14,31,67,85,113,119,130,139,153,164,175,179,188,] : 11958.0 -> [0,14,31,67,85,113,119,130,139,153,164,175,179,188,] : 12756.0
[0,14,31,67,85,113,119,130,139,153,164,175,179,188,] : 12756.0 -> [1,14,31,67,85,113,119,130,139,153,164,175,179,188,] : 12826.0
[1,14,31,67,85,113,119,130,139,153,164,175,179,188,] : 12826.0 -> [2,14,31,67,85,113,119,130,139,153,164,175,179,188,] : 12920.0
[2,14,31,67,85,113,119,130,139,153,164,175,179,188,] : 12920.0 -> [10,14,31,67,85,113,119,130,139,153,164,175,179,188,] : 12982.0
[10,14,31,67,85,113,119,130,139,153,164,175,179,188,] : 12982.0 -> [13,14,31,67,85,113,119,130,139,153,164,175,179,188,] : 12998.0
[13,14,31,67,85,113,119,130,139,153,164,175,179,188,] : 12998.0 -> [14,31,49,67,85,113,119,130,139,153,164,175,179,188,] : 13013.0
[14,31,49,67,85,113,119,130,139,153,164,175,179,188,] : 13013.0 -> [14,31,67,68,85,113,119,130,139,153,164,175,179,188,] : 13016.0
[14,31,67,68,85,113,119,130,139,153,164,175,179,188,] : 13016.0 -> [14,31,67,76,85,113,119,130,139,153,164,175,179,188,] : 13024.0
[14,31,67,76,85,113,119,130,139,153,164,175,179,188,] : 13024.0 -> [14,31,67,85,113,119,130,139,142,153,164,175,179,188,] : 13034.0
[14,31,67,85,113,119,130,139,142,153,164,175,179,188,] : 13034.0 -> [0,14,31,67,85,113,119,130,139,142,153,164,175,179,188,] : 13832.0
[0,14,31,67,85,113,119,130,139,142,153,164,175,179,188,] : 13832.0 -> [1,14,31,67,85,113,119,130,139,142,153,164,175,179,188,] : 13902.0
[1,14,31,67,85,113,119,130,139,142,153,164,175,179,188,] : 13902.0 -> [2,14,31,67,85,113,119,130,139,142,153,164,175,179,188,] : 13996.0
[2,14,31,67,85,113,119,130,139,142,153,164,175,179,188,] : 13996.0 -> [10,14,31,67,85,113,119,130,139,142,153,164,175,179,188,] : 14058.0
[10,14,31,67,85,113,119,130,139,142,153,164,175,179,188,] : 14058.0 -> [13,14,31,67,85,113,119,130,139,142,153,164,175,179,188,] : 14074.0
[13,14,31,67,85,113,119,130,139,142,153,164,175,179,188,] : 14074.0 -> [14,31,49,67,85,113,119,130,139,142,153,164,175,179,188,] : 14089.0
[14,31,49,67,85,113,119,130,139,142,153,164,175,179,188,] : 14089.0 -> [14,31,67,68,85,113,119,130,139,142,153,164,175,179,188,] : 14092.0
[14,31,67,68,85,113,119,130,139,142,153,164,175,179,188,] : 14092.0 -> [14,31,67,76,85,113,119,130,139,142,153,164,175,179,188,] : 14100.0
[14,31,67,73,76,85,113,119,130,139,142,153,164,175,179,188,] : 14395.0 -> [0,14,31,67,73,76,85,113,119,130,139,142,153,164,175,179,188,] : 15193.0
[0,14,31,67,73,76,85,113,119,130,139,142,153,164,175,179,188,] : 15193.0 -> [1,14,31,67,73,76,85,113,119,130,139,142,153,164,175,179,188,] : 15263.0
[1,14,31,67,73,76,85,113,119,130,139,142,153,164,175,179,188,] : 15263.0 -> [2,14,31,67,73,76,85,113,119,130,139,142,153,164,175,179,188,] : 15357.0
[2,14,31,67,73,76,85,113,119,130,139,142,153,164,175,179,188,] : 15357.0 -> [10,14,31,67,73,76,85,113,119,130,139,142,153,164,175,179,188,] : 15419.0
[10,14,31,67,73,76,85,113,119,130,139,142,153,164,175,179,188,] : 15419.0 -> [13,14,31,67,73,76,85,113,119,130,139,142,153,164,175,179,188,] : 15435.0
[13,14,31,67,73,76,85,113,119,130,139,142,153,164,175,179,188,] : 15435.0 -> [14,31,49,67,73,76,85,113,119,130,139,142,153,164,175,179,188,] : 15450.0
[14,31,49,67,73,76,85,113,119,130,139,142,153,164,175,179,188,] : 15450.0 -> [14,31,67,68,73,76,85,113,119,130,139,142,153,164,175,179,188,] : 15453.0
[14,31,67,68,73,76,85,113,119,130,139,142,153,164,175,179,188,] : 15453.0 -> [14,31,67,73,76,85,113,118,119,130,139,142,153,164,175,179,188,] : 15459.0
[14,31,67,73,76,85,113,118,119,130,139,142,153,164,175,179,188,] : 15459.0 -> [4,14,31,67,73,76,85,113,118,119,130,139,142,153,164,175,179,188,] : 16091.0
[4,14,31,67,73,76,85,113,118,119,130,139,142,153,164,175,179,188,] : 16091.0 -> [14,31,34,67,73,76,85,113,118,119,130,139,142,153,164,175,179,188,] : 16129.0
[14,31,34,67,73,76,85,113,118,119,130,139,142,153,164,175,179,188,] : 16129.0 -> [14,31,56,67,73,76,85,113,118,119,130,139,142,153,164,175,179,188,] : 16143.0
[14,31,56,67,73,76,85,113,118,119,130,139,142,153,164,175,179,188,] : 16143.0 -> [14,31,56,67,73,76,85,113,118,119,130,139,142,153,164,175,178,179,188,] : 16248.0