
1.5157165665103978, [185,] -> [62,185,] : 760.0
0.11486983549970345, [185,] -> [151,185,] : 760.0
0.008705505632961236, [185,] -> [31,185,] : 1434.0
1.649384888466115E-9, [185,] ---> [118,185,] : 1400.0
3.1249999999999906E-16, [185,] ---> [155,185,] : 1387.0
1.0308655552913197E-20, [62,185,] -> [62,98,185,] : 1744.0
20.0, [62,80,98,185,] -> [62,67,80,98,185,] : 2381.0
20.0, [62,80,98,185,] -> [62,80,98,104,185,] : 3405.0
0.11486983549970345, [62,80,98,185,] -> [10,62,80,98,185,] : 3405.0
2.8717458874925836E-7, [62,80,98,185,] -> [62,80,98,118,185,] : 3445.0
9.473228540689967E-12, [62,67,80,98,185,] -> [56,62,67,80,98,185,] : 4158.0
20.0, [56,62,67,80,98,184,185,] -> [56,62,67,80,98,124,184,185,] : 4721.0
20.0, [56,62,67,80,98,184,185,] -> [56,62,67,80,98,125,184,185,] : 4721.0
20.0, [56,62,67,80,98,184,185,] -> [56,62,67,80,98,122,184,185,] : 4721.0
20.0, [56,62,67,80,98,184,185,] -> [56,62,67,80,98,184,185,187,] : 5476.0
0.11486983549970345, [56,62,67,80,98,124,184,185,] -> [48,56,62,67,80,98,124,184,185,] : 5850.0
1.649384888466115E-9, [56,62,67,80,98,184,185,187,] -> [56,62,67,80,98,110,184,185,187,] : 5874.0
20.0, [56,62,67,80,98,110,171,184,185,187,] -> [56,62,67,80,98,110,163,171,184,185,187,] : 6437.0
20.0, [56,62,67,80,98,110,171,184,185,187,] -> [56,62,67,80,98,104,110,171,184,185,187,] : 7344.0
0.11486983549970345, [56,62,67,80,98,110,171,184,185,187,] -> [14,56,62,67,80,98,110,171,184,185,187,] : 7535.0
0.008705505632961236, [56,62,67,80,98,110,171,184,185,187,] ---> [56,62,67,80,98,110,171,184,185,187,188,] : 7523.0
1.649384888466115E-9, [56,62,67,80,98,110,163,171,184,185,187,] -> [56,62,67,80,98,110,130,163,171,184,185,187,] : 8323.0
20.0, [56,62,67,72,80,98,110,130,163,171,184,185,187,] -> [56,62,67,72,80,98,110,125,130,163,171,184,185,187,] : 9144.0
20.0, [56,62,67,72,80,98,110,130,163,171,184,185,187,] -> [56,62,67,72,80,98,110,130,131,163,171,184,185,187,] : 8677.0
20.0, [56,62,67,72,80,98,110,130,163,171,184,185,187,] -> [48,56,62,67,72,80,98,110,130,163,171,184,185,187,] : 8677.0
20.0, [56,62,67,72,80,98,110,130,163,171,184,185,187,] -> [56,62,67,72,80,90,98,110,130,163,171,184,185,187,] : 9462.0
1.5157165665103978, [56,62,67,72,80,98,110,130,163,171,184,185,187,] -> [29,56,62,67,72,80,98,110,130,163,171,184,185,187,] : 9514.0
0.11486983549970345, [56,62,67,72,80,98,110,130,163,171,184,185,187,] -> [54,56,62,67,72,80,98,110,130,163,171,184,185,187,] : 9595.0
3.7892914162759905E-6, [56,62,67,72,80,98,110,125,130,163,171,184,185,187,] -> [20,56,62,67,72,80,98,110,125,130,163,171,184,185,187,] : 10015.0
20.0, [20,52,56,62,67,72,80,98,110,125,130,163,171,184,185,187,] -> [20,26,52,56,62,67,72,80,98,110,125,130,163,171,184,185,187,] : 10239.0
20.0, [20,52,56,62,67,72,80,98,110,125,130,163,171,184,185,187,] -> [20,52,56,62,67,72,80,98,110,125,130,163,171,179,184,185,187,] : 10239.0
1.5157165665103978, [20,52,56,62,67,72,80,98,110,125,130,163,171,184,185,187,] -> [20,52,56,62,67,72,80,98,110,125,130,163,164,171,184,185,187,] : 10239.0
1.5157165665103978, [20,52,56,62,67,72,80,98,110,125,130,163,171,184,185,187,] -> [20,52,56,62,67,72,80,86,98,110,125,130,163,171,184,185,187,] : 11019.0
0.11486983549970345, [20,52,56,62,67,72,80,98,110,125,130,163,171,184,185,187,] -> [20,52,56,62,67,72,80,98,110,125,130,137,163,171,184,185,187,] : 11194.0
0.008705505632961236, [20,26,52,56,62,67,72,80,98,110,125,130,163,171,184,185,187,] -> [20,26,52,56,62,67,72,80,95,98,110,125,130,163,171,184,185,187,] : 11420.0
4.999999999999995E-5, [20,52,56,62,67,72,80,98,110,125,130,163,171,179,184,185,187,] -> [2,20,52,56,62,67,72,80,98,110,125,130,163,171,179,184,185,187,] : 12294.0
9.473228540689967E-12, [20,26,52,56,62,67,72,80,95,98,110,125,130,163,171,184,185,187,] -> [20,26,52,56,62,67,72,80,95,98,105,110,125,130,163,171,184,185,187,] : 12461.0
20.0, [20,26,52,56,62,67,72,80,95,98,105,110,125,130,148,163,171,184,185,187,] -> [20,26,52,56,62,67,72,80,95,98,105,110,125,130,148,163,171,184,185,187,194,] : 13707.0
20.0, [20,26,52,56,62,67,72,80,95,98,105,110,125,130,148,163,171,184,185,187,] -> [20,26,41,52,56,62,67,72,80,95,98,105,110,125,130,148,163,171,184,185,187,] : 13707.0
6.597539553864466E-4, [20,26,52,56,62,67,72,80,95,98,105,110,125,130,148,163,171,184,185,187,] -> [20,26,52,56,62,67,72,80,85,95,98,105,110,125,130,148,163,171,184,185,187,] : 13955.0
5.920767837931217E-23, [20,26,52,56,62,67,72,80,95,98,105,110,125,130,148,163,171,184,185,187,] -> [20,26,52,56,62,67,72,80,95,98,105,110,125,130,139,148,163,171,184,185,187,] : 13959.0
4.381936473835081E-52, [20,26,52,56,62,67,72,80,95,98,105,110,125,130,148,163,171,184,185,187,] ---> [14,20,26,52,56,62,67,72,80,95,98,105,110,125,130,148,163,171,184,185,187,] : 13957.0
20.0, [14,20,26,52,56,62,67,72,80,95,98,105,110,113,125,130,148,163,171,184,185,187,] -> [14,20,26,52,56,62,67,72,80,95,98,105,110,113,125,130,148,163,171,180,184,185,187,] : 14590.0
20.0, [14,20,26,52,56,62,67,72,80,95,98,105,110,113,125,130,148,163,171,184,185,187,] -> [14,20,26,52,56,62,67,72,80,95,98,105,110,113,125,130,148,163,171,184,185,187,188,] : 15676.0
6.597539553864466E-4, [14,20,26,52,56,62,67,72,80,95,98,105,110,113,125,130,148,163,171,180,184,185,187,] -> [14,20,26,52,56,62,67,72,80,95,98,105,110,113,125,130,137,148,163,171,180,184,185,187,] : 15932.0
2.176376408240307E-8, [14,20,26,52,56,62,67,72,80,95,98,105,110,113,125,130,148,163,171,184,185,187,188,] -> [14,20,26,52,56,62,67,72,80,95,98,105,110,113,125,130,148,163,171,173,184,185,187,188,] : 16100.0
20.0, [14,20,26,52,56,62,67,72,80,98,105,110,113,125,130,148,163,171,173,184,185,187,188,] -> [14,20,26,52,56,62,67,72,80,98,105,110,113,125,130,148,163,171,172,173,184,185,187,188,] : 16290.0
20.0, [14,20,26,52,56,62,67,72,80,98,105,110,113,125,130,148,163,171,173,184,185,187,188,] -> [14,20,26,52,56,62,67,72,80,98,105,110,113,125,126,130,148,163,171,173,184,185,187,188,] : 16290.0
20.0, [14,20,26,52,56,62,67,72,80,98,105,110,113,125,130,148,163,171,173,184,185,187,188,] -> [14,20,26,52,56,62,67,72,80,98,105,110,113,125,129,130,148,163,171,173,184,185,187,188,] : 15786.0
0.008705505632961236, [14,20,26,52,56,62,67,72,80,98,105,110,113,125,130,148,163,171,173,184,185,187,188,] -> [14,20,26,52,56,62,67,72,80,98,105,110,113,118,125,130,148,163,171,173,184,185,187,188,] : 16321.0
7.812499999999968E-22, [14,20,26,52,56,62,67,72,80,98,105,110,113,125,130,148,163,171,173,184,185,187,188,] ---> [10,14,20,26,52,56,62,67,72,80,98,105,110,113,125,130,148,163,171,173,184,185,187,188,] : 16281.0
1.6107274301426816E-37, [14,20,26,52,56,62,67,72,80,98,105,110,113,125,130,148,163,171,173,184,185,187,188,] -> [14,20,26,52,56,62,64,67,72,80,98,105,110,113,125,130,148,163,171,173,184,185,187,188,] : 16355.0
1.220703124999991E-38, [14,20,26,52,56,62,67,72,80,98,105,110,113,125,130,148,163,171,173,184,185,187,188,] -> [14,20,26,52,56,62,67,68,72,80,98,105,110,113,125,130,148,163,171,173,184,185,187,188,] : 16355.0
7.011098358136145E-41, [14,20,26,52,56,62,67,72,80,98,105,110,113,125,130,148,163,171,173,184,185,187,188,] -> [14,20,26,31,52,56,62,67,72,80,98,105,110,113,125,130,148,163,171,173,184,185,187,188,] : 16355.0
2.5167616095979317E-54, [14,20,26,52,56,62,67,72,80,98,105,110,113,125,130,148,163,171,173,184,185,187,188,] ---> [14,20,26,49,52,56,62,67,72,80,98,105,110,113,125,130,148,163,171,173,184,185,187,188,] : 16312.0
20.0, [14,20,26,49,52,56,62,67,72,80,98,105,110,113,125,130,133,148,163,171,173,184,185,187,188,] -> [14,20,26,49,52,56,62,67,72,80,98,105,110,113,120,125,130,133,148,163,171,173,184,185,187,188,] : 16759.0
5.920767837931217E-23, [14,20,26,49,52,56,62,67,72,80,98,105,110,113,125,130,133,148,163,171,173,184,185,187,188,] -> [14,20,26,49,52,56,62,67,72,80,98,105,110,113,125,130,133,134,148,163,171,173,184,185,187,188,] : 16892.0
3.320886853393994E-53, [14,20,26,49,52,56,62,67,72,80,98,105,110,113,125,130,133,148,163,171,173,184,185,187,188,] -> [14,20,26,49,52,56,62,67,72,80,83,98,105,110,113,125,130,133,148,163,171,173,184,185,187,188,] : 16923.0
3.7892914162759905E-6, [14,20,26,49,52,56,62,67,80,83,98,105,110,113,125,130,133,148,163,171,173,184,185,187,188,] -> [14,20,26,49,52,56,62,67,80,83,98,105,110,113,125,130,133,148,163,171,173,184,185,187,188,195,] : 16807.0
1.794841179682861E-18, [14,20,26,49,52,56,62,67,80,83,98,105,110,113,125,130,133,148,163,171,173,184,185,187,188,] -> [14,15,20,26,49,52,56,62,67,80,83,98,105,110,113,125,130,133,148,163,171,173,184,185,187,188,] : 16923.0
1.9531249999999898E-27, [14,20,26,49,52,56,62,67,80,83,98,105,110,113,125,130,133,148,163,171,173,184,185,187,188,] -> [14,20,26,49,52,56,62,67,80,83,98,105,110,113,125,130,133,140,148,163,171,173,184,185,187,188,] : 16925.0
1.0067046438391738E-48, [14,20,26,49,52,56,62,67,80,83,98,105,110,113,125,130,133,148,163,171,173,184,185,187,188,] -> [14,20,26,49,52,56,62,65,67,80,83,98,105,110,113,125,130,133,148,163,171,173,184,185,187,188,] : 16931.0