
null : 55.0 -> [0,1,] : 116.0
null : 65.0 -> [0,2,] : 140.0
null : 102.0 -> [0,5,] : 140.0
null : 105.0 -> [0,7,] : 140.0
null : 116.0 -> [0,8,] : 140.0
[0,8,] : 140.0 -> [0,9] : 142.0
[0,9] : 142.0 -> [0,2,5,] : 163.0
[0,9] : 152.0 -> [0,2,7,] : 163.0
[0,2,7,] : 163.0 -> [0,2,8,] : 187.0
[0,2,8,] : 187.0 -> [0,2,9] : 189.0
[0,2,9] : 189.0 -> [0,7,8,] : 201.0
[0,7,8,] : 201.0 -> [0,7,9] : 203.0
[0,7,9] : 203.0 -> [0,8,9] : 227.0
[0,1,8,9] : 237.0 -> [0,1,3,8,9] : 242.0
[0,1,3,8,9] : 242.0 -> [0,1,3,4,8,9] : 246.0
[1,3,4,8,9] : 191.0 -> [0,1,3,4,8,9] : 246.0
[0,1,3,4,8,9] : 246.0 -> [1,3,4,7,8,9] : 252.0
[1,4,7,8,9] : 247.0 -> [1,2,4,7,8,9] : 294.0
[1,2,4,8,9] : 238.0 -> [1,2,4,7,8,9] : 294.0
[1,2,4,8,9] : 233.0 -> [1,2,3,4,8,9] : 294.0
[1,2,4,7,9] : 214.0 -> [1,2,4,5,7,9] : 294.0
[1,2,4,5,7,9] : 259.0 -> [1,2,4,7,8,9] : 294.0
[1,2,4,5,7,9] : 209.0 -> [1,2,3,4,7,9] : 294.0
[2,4,7,8,9] : 284.0 -> [1,2,4,7,8,9] : 294.0