
20.0, [6,] -> [1,6,] : 95.0
20.0, [6,] -> [6,9] : 95.0
4.253856122135547, [6,] ---> [0,6,] : 63.0
2.5392203913548994, [0,6,] ---> [0,] : 55.0
0.9047645953915034, [0,] -> [0,4,] : 59.0
0.5400739103608228, [0,4,] -> [0,2,4,] : 106.0
0.06856833430134895, [6,9] ---> [1,6,9] : 105.0
0.04092994865369754, [0,2,4,] -> [0,2,3,4,] : 111.0
0.001851598421652883, [1,6,9] -> [1,6,7,9] : 166.0
5.0E-5, [0,2,3,4,] -> [0,2,3,4,9] : 198.0
1.0634640305338866E-5, [1,6,7,9] -> [1,5,6,7,9] : 216.0
7.1263179712315665, [1,6,7,9] -> [1,6,7,8,9] : 251.0
0.9047645953915034, [1,6,7,9] -> [1,6,7,8,9] : 251.0
0.32238200979362636, [1,6,7,9] -> [1,6,7,8,9] : 251.0
0.0031019100620414664, [1,6,7,9] ---> [1,5,6,7,9] : 216.0
1.40324920111189E-4, [1,6,7,9] ---> [1,2,6,7,9] : 213.0
8.376303483971585E-5, [1,6,7,9] -> [1,2,6,7,9] : 213.0
2.2619114884787588E-6, [1,6,7,9] -> [1,2,6,7,9] : 241.0
2.2619114884787588E-6, [1,6,7,8,9] -> [6,7,8,9] : 241.0
11.938440410063256, [6,7,8,9] ---> [7,8,9] : 233.0
7.1263179712315665, [6,7,8,9] -> [1,6,7,8,9] : 251.0
2.5392203913548994, [6,7,8,9] -> [1,6,7,8,9] : 251.0
0.1148698354997035, [6,7,8,9] -> [1,6,7,8,9] : 251.0
0.024431987649455846, [6,7,8,9] -> [1,6,7,8,9] : 251.0
3.9382166408423154E-4, [6,7,8,9] -> [1,6,7,8,9] : 251.0
8.376303483971585E-5, [6,7,8,9] -> [1,6,7,8,9] : 251.0
2.984610102515814E-5, [1,6,7,8,9] ---> [1,7,8,9] : 243.0
20.0, [7,8,9] -> [4,7,8,9] : 237.0
11.938440410063256, [7,8,9] -> [0,7,8,9] : 288.0
4.253856122135547, [7,8,9] -> [0,7,8,9] : 288.0
0.32238200979362636, [7,8,9] ---> [5,7,8,9] : 283.0
0.024431987649455846, [7,8,9] ---> [2,7,8,9] : 280.0
0.001105259871013506, [7,8,9] -> [0,7,8,9] : 288.0
1.40324920111189E-4, [7,8,9] ---> [5,7,8,9] : 283.0
8.059550244840659E-7, [7,8,9] -> [5,7,8,9] : 283.0
0.5400739103608228, [5,7,8,9] -> [4,5,7,8,9] : 287.0
0.1148698354997035, [5,7,8,9] -> [1,5,7,8,9] : 293.0
0.024431987649455846, [5,7,8,9] ---> [4,5,7,8,9] : 287.0
0.001851598421652883, [5,7,8,9] -> [4,5,7,8,9] : 287.0
4.810923016497046E-7, [5,7,8,9] -> [1,5,7,8,9] : 293.0
0.32238200979362636, [1,5,7,8,9] ---> [1,5,8,9] : 243.0
0.19243692065988185, [1,5,7,8,9] -> [1,7,8,9] : 243.0
0.06856833430134895, [1,5,7,8,9] -> [1,7,8,9] : 243.0
0.04092994865369754, [1,5,7,8,9] -> [5,7,8,9] : 283.0
1.0634640305338866E-5, [5,7,8,9] -> [1,5,7,8,9] : 293.0