
null : 4.0 -> [0,6,] : 102.0
[0,6,] : 102.0 -> [6,41,] : 103.0
[6,41,] : 103.0 -> [0,6,41,] : 201.0
[0,6,20,41,] : 279.0 -> [0,6,10,20,41,] : 301.0
[0,6,20,41,] : 209.0 -> [0,1,6,20,41,] : 301.0
[0,6,20,41,] : 209.0 -> [0,1,6,20,41,] : 301.0
[0,6,20,41,] : 286.0 -> [0,6,18,20,41,] : 301.0
[0,6,18,20,41,] : 301.0 -> [0,6,20,39,41,] : 307.0
[0,6,20,39,41,] : 307.0 -> [0,1,6,10,20,41,] : 356.0
[0,1,6,10,20,41,] : 356.0 -> [0,6,10,16,20,41,] : 359.0
[0,6,10,16,20,41,] : 371.0 -> [0,6,10,18,20,41,] : 378.0
[0,6,10,18,20,41,] : 359.0 -> [0,1,6,18,20,41,] : 378.0
[0,1,6,18,20,41,] : 378.0 -> [0,6,10,20,39,41,] : 384.0
[0,6,10,20,39,41,] : 384.0 -> [0,6,18,20,22,41,] : 385.0
[0,6,18,20,22,41,] : 385.0 -> [0,6,18,20,36,41,] : 389.0
[0,6,18,20,36,41,] : 389.0 -> [0,6,18,20,39,41,] : 399.0
[0,6,18,20,39,41,] : 399.0 -> [0,6,20,39,40,41,] : 403.0
[0,6,9,20,39,40,41,] : 448.0 -> [0,1,6,9,20,39,40,41,] : 518.0
[0,1,6,9,20,39,40,41,] : 518.0 -> [0,6,9,10,20,39,40,41,] : 540.0
[0,1,6,9,20,39,40,41,] : 525.0 -> [0,6,9,18,20,39,40,41,] : 540.0
[0,6,9,18,20,39,40,41,] : 540.0 -> [0,1,6,9,10,20,39,40,41,] : 595.0
[0,1,6,9,10,20,39,40,41,] : 595.0 -> [0,6,9,10,16,20,39,40,41,] : 598.0
[0,6,9,10,16,20,39,40,41,] : 598.0 -> [0,6,9,10,18,20,39,40,41,] : 617.0
[0,6,9,10,18,20,39,40,41,] : 617.0 -> [0,6,9,18,20,22,39,40,41,] : 624.0
[0,6,9,18,20,22,39,40,41,] : 624.0 -> [0,6,9,18,20,36,39,40,41,] : 628.0
[0,9,18,20,36,39,40,41,] : 624.0 -> [0,1,9,18,20,36,39,40,41,] : 701.0
[0,9,18,20,36,39,40,41,] : 694.0 -> [0,9,10,18,20,36,39,40,41,] : 701.0
[0,9,10,18,20,36,39,40,41,] : 701.0 -> [0,9,18,20,22,36,39,40,41,] : 708.0
[0,9,18,20,22,36,39,40,41,] : 708.0 -> [0,9,18,20,36,37,39,40,41,] : 711.0
[0,9,18,20,36,37,39,40,41,] : 711.0 -> [0,1,9,18,20,36,37,39,40,41,] : 781.0
[0,1,9,18,20,36,37,39,40,41,] : 781.0 -> [0,9,10,18,20,36,37,39,40,41,] : 788.0
[0,9,10,18,20,36,37,39,40,41,] : 788.0 -> [0,9,18,20,22,36,37,39,40,41,] : 795.0
[9,18,20,22,36,37,39,40,41,] : 697.0 -> [0,9,18,20,22,36,37,39,40,41,] : 795.0
[0,9,18,20,22,36,37,39,40,41,] : 795.0 -> [0,1,9,18,20,22,36,37,39,40,41,] : 865.0
[0,1,9,18,20,22,36,37,39,40,41,] : 865.0 -> [0,9,10,18,20,22,36,37,39,40,41,] : 872.0
[0,9,10,18,20,22,36,37,39,40,41,] : 872.0 -> [0,9,18,20,22,24,36,37,39,40,41,] : 873.0
[0,9,13,18,20,22,24,36,37,39,40,41,] : 903.0 -> [0,1,9,13,18,20,22,24,36,37,39,40,41,] : 973.0
[0,1,9,13,18,20,22,24,36,37,39,40,41,] : 973.0 -> [0,9,10,13,18,20,22,24,36,37,39,40,41,] : 980.0
[0,9,10,13,18,20,22,24,36,37,39,40,41,] : 980.0 -> [0,1,2,9,13,18,20,22,24,36,37,39,40,41,] : 1039.0
[0,1,2,9,13,18,20,22,24,36,37,39,40,41,] : 1039.0 -> [0,1,9,10,13,18,20,22,24,36,37,39,40,41,] : 1050.0
[0,1,9,10,13,18,20,22,24,36,37,39,40,41,] : 1050.0 -> [0,9,10,13,16,18,20,22,24,36,37,39,40,41,] : 1053.0
[9,10,13,16,18,20,22,24,36,37,39,40,41,] : 955.0 -> [0,9,10,13,16,18,20,22,24,36,37,39,40,41,] : 1053.0
[0,9,10,13,16,18,20,22,24,36,37,39,40,41,] : 1053.0 -> [0,1,9,10,13,16,18,20,22,24,36,37,39,40,41,] : 1123.0
[0,1,9,10,13,16,18,20,22,24,36,37,39,40,41,] : 1123.0 -> [0,9,10,13,16,18,20,22,24,25,36,37,39,40,41,] : 1124.0
[0,9,10,13,16,18,20,22,24,36,37,39,40,41,] : 1053.0 -> [0,1,9,10,13,16,18,20,22,24,36,37,39,40,41,] : 1124.0
[0,9,10,13,16,18,20,22,24,36,37,39,40,41,] : 1123.0 -> [0,9,10,13,16,18,20,22,24,25,36,37,39,40,41,] : 1124.0
[0,9,10,13,16,18,20,22,24,25,36,37,39,40,41,] : 1124.0 -> [0,1,2,9,10,13,16,18,20,22,24,36,37,39,40,41,] : 1189.0
[0,1,2,9,10,13,16,18,20,22,24,36,37,39,40,41,] : 1189.0 -> [0,1,9,10,13,16,18,20,22,24,25,36,37,39,40,41,] : 1194.0
[0,1,9,10,13,16,18,20,22,24,25,36,37,39,40,41,43,] : 1195.0 -> [0,1,2,9,10,13,16,18,20,22,24,25,36,37,39,40,41,43,] : 1261.0
[0,1,2,9,10,13,16,18,20,22,24,25,36,37,39,40,41,43,] : 1261.0 -> [0,1,2,3,9,10,13,16,18,20,22,24,25,36,37,39,40,41,43,] : 1294.0
[0,1,2,3,9,10,13,16,18,20,22,24,25,36,37,39,40,41,43,] : 1294.0 -> [0,1,2,5,9,10,13,16,18,20,22,24,25,36,37,39,40,41,43,] : 1319.0
[0,1,2,5,9,10,13,16,18,20,22,24,25,36,37,39,40,41,43,] : 1319.0 -> [0,1,2,9,10,11,13,16,18,20,22,24,25,36,37,39,40,41,43,] : 1324.0
[0,1,2,9,10,11,13,15,16,18,20,22,24,25,36,37,39,40,41,43,] : 1342.0 -> [0,1,2,3,9,10,11,13,15,16,18,20,22,24,25,36,37,39,40,41,43,] : 1375.0
[0,1,2,3,9,10,11,13,15,16,18,20,22,24,25,36,37,39,40,41,43,] : 1375.0 -> [0,1,2,5,9,10,11,13,15,16,18,20,22,24,25,36,37,39,40,41,43,] : 1400.0
[0,1,2,5,9,10,11,13,15,16,18,20,22,24,25,36,37,39,40,41,43,] : 1400.0 -> [0,1,2,9,10,11,13,15,16,18,20,22,24,25,26,36,37,39,40,41,43,] : 1402.0
[0,1,2,9,10,11,13,15,16,18,20,22,24,25,26,36,37,39,40,41,43,] : 1402.0 -> [0,1,2,3,9,10,11,13,15,16,18,20,22,24,25,26,36,37,39,40,41,43,] : 1435.0
[0,1,2,3,9,10,11,13,15,16,18,20,22,24,25,26,36,37,39,40,41,43,] : 1435.0 -> [0,1,2,5,9,10,11,13,15,16,18,20,22,24,25,26,36,37,39,40,41,43,] : 1460.0
[0,1,2,5,9,10,11,13,15,16,18,20,22,24,25,26,36,37,39,40,43,] : 1361.0 -> [0,1,2,3,5,9,10,11,13,15,16,18,20,22,24,25,26,36,37,39,40,43,] : 1394.0
[0,1,2,3,5,9,10,11,13,15,16,18,20,22,24,25,26,36,37,39,40,43,] : 1394.0 -> [0,1,2,5,9,10,11,13,15,16,18,19,20,22,24,25,26,36,37,39,40,43,] : 1404.0
[0,1,2,5,9,10,11,13,15,16,18,19,20,22,24,25,26,36,37,39,40,43,] : 1404.0 -> [0,1,2,5,9,10,11,13,15,16,18,20,21,22,24,25,26,36,37,39,40,43,] : 1419.0
[0,1,2,5,9,10,11,13,15,16,18,20,21,22,24,25,26,36,37,39,40,43,] : 1419.0 -> [0,1,2,5,9,10,11,13,15,16,18,20,22,24,25,26,36,37,39,40,41,43,] : 1460.0
[0,1,2,5,9,10,11,13,15,16,18,20,22,24,25,26,36,37,39,40,41,43,] : 1460.0 -> [0,1,2,5,9,10,11,13,15,16,18,19,20,21,22,24,25,26,36,37,39,40,43,] : 1462.0
[0,1,2,5,9,10,11,13,15,16,18,19,20,21,22,24,25,26,36,37,39,40,43,] : 1462.0 -> [0,1,2,5,9,10,11,13,15,16,18,20,21,22,24,25,26,32,36,37,39,40,43,] : 1469.0
[0,1,2,5,9,10,11,13,15,16,18,20,21,22,24,25,26,32,36,37,39,40,43,] : 1469.0 -> [0,1,2,5,9,10,11,13,15,16,18,20,21,22,24,25,26,34,36,37,39,40,43,] : 1476.0
[0,1,2,5,9,10,11,13,15,16,18,20,21,22,24,25,26,34,36,37,39,40,43,] : 1476.0 -> [0,1,2,5,9,10,11,13,15,16,18,20,21,22,24,25,26,36,37,39,40,41,43,] : 1518.0