
null : 8.0 -> [0,20,] : 106.0
[0,20,] : 106.0 -> [20,41,] : 107.0
[20,41,] : 107.0 -> [0,20,41,] : 205.0
[0,20,21,41,] : 263.0 -> [0,1,20,21,41,] : 333.0
[0,1,20,21,41,] : 333.0 -> [0,10,20,21,41,] : 340.0
[0,10,20,21,41,] : 340.0 -> [0,18,20,21,41,] : 361.0
[0,10,20,21,41,] : 355.0 -> [0,20,21,39,41,] : 361.0
[0,20,21,39,41,] : 361.0 -> [0,1,18,20,21,41,] : 425.0
[0,1,18,20,21,41,] : 425.0 -> [0,10,18,20,21,41,] : 432.0
[0,10,18,20,21,41,] : 432.0 -> [0,18,20,21,22,41,] : 439.0
[0,18,20,21,22,41,] : 439.0 -> [0,18,20,21,36,41,] : 443.0
[0,18,20,21,36,41,] : 443.0 -> [0,18,20,21,39,41,] : 453.0
[0,18,20,21,39,41,] : 453.0 -> [0,20,21,39,40,41,] : 457.0
[0,11,20,21,39,40,41,] : 520.0 -> [0,1,11,20,21,39,40,41,] : 590.0
[0,1,11,20,21,39,40,41,] : 590.0 -> [0,10,11,20,21,39,40,41,] : 597.0
[0,10,11,20,21,39,40,41,] : 597.0 -> [0,11,18,20,21,39,40,41,] : 612.0
[0,11,18,20,21,39,40,41,] : 612.0 -> [0,1,11,18,20,21,39,40,41,] : 682.0
[0,1,11,18,20,21,39,40,41,] : 682.0 -> [0,10,11,18,20,21,39,40,41,] : 689.0
[0,10,11,18,20,21,39,40,41,] : 689.0 -> [0,11,18,20,21,22,39,40,41,] : 696.0
[0,11,18,20,21,22,39,40,41,] : 696.0 -> [0,11,18,20,21,36,39,40,41,] : 700.0
[0,11,18,20,21,27,36,39,40,41,] : 738.0 -> [0,1,11,18,20,21,27,36,39,40,41,] : 815.0
[0,11,18,20,21,27,36,39,40,41,] : 738.0 -> [0,1,11,18,20,21,27,36,39,40,41,] : 815.0
[0,1,11,18,20,21,27,36,39,40,41,] : 808.0 -> [0,10,11,18,20,21,27,36,39,40,41,] : 815.0
[0,10,11,18,20,21,27,36,39,40,41,] : 815.0 -> [0,11,18,20,21,22,27,36,39,40,41,] : 822.0
[0,11,18,20,21,22,27,36,39,40,41,] : 822.0 -> [0,11,18,20,21,27,36,37,39,40,41,] : 825.0
[0,11,18,20,21,27,36,37,39,40,41,] : 825.0 -> [0,1,2,11,18,20,21,27,36,39,40,41,] : 874.0
[0,1,2,11,18,20,21,27,36,39,40,41,] : 874.0 -> [0,1,10,11,18,20,21,27,36,39,40,41,] : 885.0
[0,1,10,11,18,20,21,27,36,39,40,41,] : 885.0 -> [0,1,11,18,20,21,22,27,36,39,40,41,] : 892.0
[0,1,11,18,20,21,22,27,36,39,40,41,] : 892.0 -> [0,1,11,18,20,21,27,36,37,39,40,41,] : 895.0
[0,1,11,18,20,21,27,36,37,39,40,41,] : 895.0 -> [0,10,11,18,20,21,22,27,36,39,40,41,] : 899.0
[0,10,11,18,20,21,22,27,36,39,40,41,] : 899.0 -> [0,10,11,18,20,21,27,36,37,39,40,41,] : 902.0
[0,10,11,18,20,21,27,36,37,39,40,41,] : 902.0 -> [0,11,18,20,21,22,27,36,37,39,40,41,] : 909.0
[0,11,18,20,21,22,25,27,36,37,39,40,41,] : 980.0 -> [0,1,11,18,20,21,22,25,27,36,37,39,40,41,] : 1058.0
[0,11,18,20,21,22,25,27,36,37,39,40,41,] : 1050.0 -> [0,10,11,18,20,21,22,25,27,36,37,39,40,41,] : 1058.0
[0,1,11,18,20,21,22,25,27,36,37,39,40,41,] : 1057.0 -> [0,11,18,20,21,22,24,25,27,36,37,39,40,41,] : 1058.0
[0,11,18,20,21,22,24,25,27,36,37,39,40,41,] : 1058.0 -> [0,1,2,11,18,20,21,22,25,27,36,37,39,40,41,] : 1116.0
[0,1,2,11,18,20,21,22,25,27,36,37,39,40,41,] : 1116.0 -> [0,1,10,11,18,20,21,22,25,27,36,37,39,40,41,] : 1127.0
[0,1,10,11,18,20,21,22,25,27,36,37,39,40,41,] : 1127.0 -> [0,1,11,18,20,21,22,24,25,27,36,37,39,40,41,] : 1128.0
[0,1,11,18,20,21,22,24,25,27,36,37,39,40,41,] : 1128.0 -> [0,10,11,16,18,20,21,22,25,27,36,37,39,40,41,] : 1130.0
[0,10,11,16,18,20,21,22,25,27,36,37,39,40,41,] : 1130.0 -> [0,10,11,18,20,21,22,24,25,27,36,37,39,40,41,] : 1135.0
[0,4,10,11,18,20,21,22,24,25,27,36,37,39,40,41,] : 1137.0 -> [0,1,4,10,11,18,20,21,22,24,25,27,36,37,39,40,41,] : 1207.0
[0,1,4,10,11,18,20,21,22,24,25,27,36,37,39,40,41,] : 1207.0 -> [0,4,10,11,16,18,20,21,22,24,25,27,36,37,39,40,41,] : 1210.0
[0,4,10,11,16,18,20,21,22,24,25,27,36,37,39,40,41,] : 1210.0 -> [0,1,2,4,10,11,18,20,21,22,24,25,27,36,37,39,40,41,] : 1273.0
[0,1,2,4,10,11,18,20,21,22,24,25,27,36,37,39,40,41,] : 1273.0 -> [0,1,4,10,11,16,18,20,21,22,24,25,27,36,37,39,40,41,] : 1280.0
[0,1,4,10,11,16,18,20,21,22,23,24,25,27,36,37,39,40,41,] : 1315.0 -> [0,1,2,4,10,11,16,18,20,21,22,23,24,25,27,36,37,39,40,41,] : 1381.0
[0,1,2,4,10,11,16,18,20,21,22,23,24,25,27,36,37,39,40,41,] : 1381.0 -> [0,1,2,3,4,10,11,16,18,20,21,22,23,24,25,27,36,37,39,40,41,] : 1414.0
[0,1,2,3,4,10,11,16,18,20,21,22,23,24,25,27,36,37,39,40,41,] : 1414.0 -> [0,1,2,4,5,10,11,16,18,20,21,22,23,24,25,27,36,37,39,40,41,] : 1439.0
[0,1,2,4,5,10,11,16,18,20,21,22,23,24,25,27,36,37,39,40,41,] : 1439.0 -> [0,1,2,4,10,11,16,18,20,21,22,23,24,25,26,27,36,37,39,40,41,] : 1441.0
[0,1,2,4,10,11,16,18,20,21,22,23,24,25,26,27,30,36,37,39,40,41,] : 1484.0 -> [0,1,2,3,4,10,11,16,18,20,21,22,23,24,25,26,27,30,36,37,39,40,41,] : 1517.0
[0,1,2,4,10,11,16,18,20,21,22,23,24,25,26,27,30,36,37,39,40,41,] : 1484.0 -> [0,1,2,3,4,10,11,16,18,20,21,22,23,24,25,26,27,30,36,37,39,40,41,] : 1517.0
[0,1,2,3,4,10,11,16,18,20,21,22,23,24,25,26,27,30,36,37,39,40,41,] : 1517.0 -> [0,1,2,4,5,10,11,16,18,20,21,22,23,24,25,26,27,30,36,37,39,40,41,] : 1542.0
[0,1,2,4,5,10,11,16,18,20,21,22,23,24,25,26,27,30,36,37,39,40,41,] : 1542.0 -> [0,1,2,3,4,5,10,11,16,18,20,21,22,23,24,25,26,27,30,36,37,39,40,41,] : 1587.0
[0,1,2,4,5,10,11,16,18,20,21,22,23,24,25,26,27,30,36,37,39,40,41,] : 1575.0 -> [0,1,2,4,5,9,10,11,16,18,20,21,22,23,24,25,26,27,30,36,37,39,40,41,] : 1587.0
[0,1,2,4,5,9,10,11,16,18,20,21,22,23,24,25,26,27,30,36,37,39,40,41,] : 1587.0 -> [0,1,2,4,5,10,11,16,18,20,21,22,23,24,25,26,27,30,32,36,37,39,40,41,] : 1592.0
[0,1,2,4,5,10,11,16,18,20,21,22,23,24,25,26,27,30,32,36,37,39,40,41,] : 1592.0 -> [0,1,2,4,5,10,11,16,18,20,21,22,23,24,25,26,27,30,34,36,37,39,40,41,] : 1599.0
[0,1,2,4,5,10,11,15,16,18,20,21,22,23,24,25,26,27,30,34,36,37,39,40,41,] : 1617.0 -> [0,1,2,3,4,5,10,11,15,16,18,20,21,22,23,24,25,26,27,30,34,36,37,39,40,41,] : 1662.0
[0,1,2,3,4,5,10,11,15,16,18,20,21,22,23,24,25,26,27,30,34,36,37,39,40,41,] : 1650.0 -> [0,1,2,4,5,9,10,11,15,16,18,20,21,22,23,24,25,26,27,30,34,36,37,39,40,41,] : 1662.0
[0,1,2,4,5,9,10,11,15,16,18,20,21,22,23,24,25,26,27,30,34,36,37,39,40,41,] : 1662.0 -> [0,1,2,4,5,10,11,15,16,18,20,21,22,23,24,25,26,27,30,32,34,36,37,39,40,41,] : 1667.0
[0,1,2,4,5,10,11,15,16,18,20,21,22,23,24,25,26,27,30,32,34,36,37,39,40,41,] : 1667.0 -> [0,1,2,3,4,5,9,10,11,15,16,18,20,21,22,23,24,25,26,27,30,34,36,37,39,40,41,] : 1695.0
[0,1,2,3,4,5,9,10,11,15,16,18,20,21,22,23,24,25,26,27,30,34,36,37,39,40,41,] : 1695.0 -> [0,1,2,4,5,9,10,11,15,16,18,19,20,21,22,23,24,25,26,27,30,34,36,37,39,40,41,] : 1705.0
[0,1,2,4,5,9,10,11,15,16,18,19,20,21,22,23,24,25,26,27,30,34,36,37,39,40,41,] : 1705.0 -> [0,1,2,4,5,9,10,11,15,16,18,20,21,22,23,24,25,26,27,30,32,34,36,37,39,40,41,] : 1712.0
[0,1,2,4,5,9,10,11,15,16,18,21,22,23,24,25,26,27,30,32,34,36,37,39,40,41,] : 1704.0 -> [0,1,2,3,4,5,9,10,11,15,16,18,21,22,23,24,25,26,27,30,32,34,36,37,39,40,41,] : 1747.0
[0,1,2,4,5,9,10,11,15,16,18,21,22,23,24,25,26,27,30,32,34,36,37,39,40,41,] : 1737.0 -> [0,1,2,4,5,9,10,11,15,16,18,19,21,22,23,24,25,26,27,30,32,34,36,37,39,40,41,] : 1747.0
[0,1,2,4,5,9,10,11,15,16,18,19,21,22,23,24,25,26,27,30,32,34,36,37,39,40,41,] : 1747.0 -> [0,1,2,3,4,5,9,10,11,15,16,18,19,21,22,23,24,25,26,27,30,32,34,36,37,39,40,41,] : 1780.0
[0,1,2,3,4,5,9,10,11,15,16,18,19,21,22,23,24,25,26,27,30,32,34,36,37,39,40,41,] : 1780.0 -> [0,1,2,4,5,9,10,11,15,16,18,19,21,22,23,24,25,26,27,28,30,32,34,36,37,39,40,41,] : 1787.0
[0,1,2,4,5,9,10,11,15,16,18,19,21,22,23,24,25,26,27,28,30,32,34,36,37,39,40,41,] : 1787.0 -> [0,1,2,4,5,9,10,11,15,16,18,19,21,22,23,24,25,26,27,29,30,32,34,36,37,39,40,41,] : 1790.0
[0,1,2,4,5,9,10,11,14,15,16,18,19,21,22,23,24,25,26,27,29,30,32,34,36,37,39,40,41,] : 1831.0 -> [0,1,2,4,5,9,10,11,14,15,16,18,19,21,22,23,24,25,26,27,28,29,30,32,34,36,37,39,40,41,] : 1838.0
[0,1,2,4,5,9,10,11,14,15,16,18,19,21,22,23,24,25,26,27,29,30,32,34,36,37,39,40,41,] : 1798.0 -> [0,1,2,3,4,5,9,10,11,14,15,16,18,19,21,22,23,24,25,26,27,29,30,32,34,36,37,39,40,41,] : 1838.0
[0,1,2,3,4,5,9,10,11,14,15,16,18,19,21,22,23,24,25,26,27,29,30,32,34,36,37,39,40,41,] : 1838.0 -> [0,1,2,3,4,5,7,9,10,11,14,15,16,18,19,21,22,23,24,25,26,27,29,30,32,34,36,37,39,40,41,] : 1871.0
[0,1,2,3,4,5,7,9,10,11,14,15,16,18,19,21,22,23,24,25,26,27,29,30,32,34,36,37,39,40,41,] : 1858.0 -> [0,1,2,3,4,5,9,10,11,14,15,16,18,19,21,22,23,24,25,26,27,28,29,30,32,34,36,37,39,40,41,] : 1871.0
[0,1,2,3,4,5,9,10,11,14,15,16,18,19,21,22,23,24,25,26,27,28,29,30,32,34,36,37,39,40,41,] : 1871.0 -> [0,1,2,4,5,9,10,11,14,15,16,18,19,21,22,23,24,25,26,27,28,29,30,32,34,36,37,38,39,40,41,] : 1872.0