
116.0
116.0
176.0
104.0
204.0
246.0
246.0
263.0
219.0
263.0
266.0
246.0
280.0
299.0
269.0
299.0
241.0
248.0
266.0
301.0
248.0
211.0
290.0
295.0
301.0
295.0
395.0
342.0
356.0
329.0
332.0
349.0
397.0
369.0
397.0
370.0
372.0
386.0
303.0
397.0
397.0
397.0
525.0
472.0
472.0
474.0
425.0
489.0
500.0
558.0
629.0
724.0
664.0
714.0
666.0
707.0
694.0
762.0
762.0
811.0
872.0
926.0
911.0
911.0
926.0
934.0
950.0
945.0
931.0
966.0
956.0
911.0
941.0
967.0
1012.0
1019.0
1020.0
1008.0
1019.0
1008.0
958.0
980.0
1019.0
1012.0
1005.0
985.0
964.0
946.0
972.0
938.0
992.0
1012.0
985.0
1000.0
985.0
1005.0
1008.0
992.0
947.0
958.0
946.0
950.0
985.0
987.0
967.0
982.0
960.0
1012.0
1040.0
1010.0
1050.0
1071.0
1027.0
1071.0
1071.0
1082.0
1068.0
1071.0
1048.0
1083.0
1048.0
1082.0
1021.0
1048.0
1075.0
1101.0
1130.0
1163.0
1183.0
1193.0
1163.0
1163.0
1130.0
1168.0
1168.0
1171.0
1150.0
1109.0
1135.0
1161.0
1170.0
1167.0
1204.0
1204.0
1161.0
1172.0
1165.0
1132.0
1152.0
1172.0
1170.0
1190.0
1190.0