
20.0, [8,] -> [8,40,] : 116.0
6.597539553864466E-4, [8,] -> [8,40,] : 116.0
2.176376408240307E-8, [8,40,] -> [8,26,40,] : 176.0
8.302217133484977E-59, [8,] ---> [8,22,] : 104.0
20.0, [8,22,41,] -> [8,22,41,43,] : 203.0
1.5157165665103978, [8,22,41,] -> [8,19,22,41,] : 246.0
1.5157165665103978, [8,22,41,] -> [8,19,22,41,] : 246.0
0.008705505632961236, [8,22,41,] -> [8,22,26,41,] : 263.0
6.597539553864466E-4, [8,22,41,] ---> [8,22,41,42,] : 219.0
3.7892914162759905E-6, [8,22,41,] -> [8,22,26,41,] : 266.0
2.8717458874925836E-7, [8,22,41,] -> [8,11,22,41,] : 266.0
1.649384888466115E-9, [8,22,41,] -> [8,22,29,41,] : 266.0
9.473228540689967E-12, [8,22,41,] -> [8,10,22,41,] : 299.0
9.473228540689967E-12, [8,19,22,41,] -> [8,19,22,29,41,] : 299.0
9.473228540689967E-12, [8,22,41,] ---> [2,8,22,41,] : 299.0
9.473228540689967E-12, [8,22,41,] -> [8,22,40,41,] : 299.0
1.360235255150189E-19, [8,22,41,] ---> [8,22,27,41,] : 241.0
1.0308655552913197E-20, [8,22,41,] -> [8,9,22,41,] : 248.0
5.920767837931217E-23, [8,22,41,] -> [8,11,22,41,] : 301.0
5.920767837931217E-23, [8,22,41,] -> [8,22,39,41,] : 301.0
2.5771638882282963E-26, [8,22,41,] ---> [8,9,22,41,] : 248.0
1.4801919594828026E-28, [8,22,41,] ---> [8,20,22,41,] : 211.0
1.1217757373017857E-29, [8,22,41,] -> [8,22,37,41,] : 290.0
1.6107274301426816E-37, [8,22,41,] -> [8,18,22,41,] : 301.0
1.220703124999991E-38, [8,22,41,] -> [8,22,39,41,] : 301.0
5.313418965430402E-42, [8,22,41,] ---> [8,18,22,41,] : 295.0
20.0, [8,18,22,33,41,] -> [8,18,22,33,40,41,] : 395.0
20.0, [8,18,22,33,41,] -> [8,18,22,33,34,41,] : 299.0
20.0, [8,18,22,33,41,] -> [8,18,22,29,33,41,] : 299.0
20.0, [8,18,22,33,41,] -> [8,13,18,22,33,41,] : 332.0
1.5157165665103978, [8,18,22,33,41,] -> [3,8,18,22,33,41,] : 332.0
0.008705505632961236, [8,18,22,33,41,] -> [8,18,22,32,33,41,] : 349.0
2.176376408240307E-8, [8,18,22,33,41,] -> [0,8,18,22,33,41,] : 397.0
7.812499999999968E-22, [8,18,22,33,41,] ---> [1,8,18,22,33,41,] : 397.0
7.812499999999968E-22, [8,18,22,33,41,] -> [0,8,18,22,33,41,] : 397.0
4.487102949207148E-24, [8,18,22,33,41,] ---> [8,18,22,25,33,41,] : 370.0
2.5771638882282963E-26, [8,18,22,33,41,] -> [8,16,18,22,33,41,] : 372.0
6.442909720570733E-32, [8,18,22,33,41,] -> [8,18,22,33,37,41,] : 386.0
3.700479898707002E-34, [8,18,22,33,41,] ---> [6,8,18,22,33,41,] : 397.0
2.804439343254461E-35, [8,18,22,33,41,] -> [0,8,18,22,33,41,] : 397.0
3.051757812499974E-44, [8,18,22,33,41,] -> [8,18,22,33,39,41,] : 397.0
1.0067046438391738E-48, [8,18,22,33,41,] -> [0,8,18,22,33,41,] : 397.0
20.0, [0,8,12,18,22,33,41,] -> [0,8,12,18,22,33,40,41,] : 429.0
1.5157165665103978, [0,8,12,18,22,33,41,] -> [0,8,12,18,19,22,33,41,] : 472.0
1.5157165665103978, [0,8,12,18,22,33,41,] -> [0,8,12,18,22,29,33,41,] : 429.0
20.0, [0,8,12,18,22,33,41,] -> [0,8,9,12,18,22,33,41,] : 429.0
20.0, [0,8,12,18,22,33,41,] ---> [0,8,12,18,22,41,] : 489.0
1.5157165665103978, [0,8,12,18,22,33,41,] -> [0,8,12,18,22,26,33,41,] : 489.0
0.11486983549970345, [0,8,12,18,22,33,40,41,] -> [0,3,8,12,18,22,33,40,41,] : 558.0
0.11486983549970345, [0,8,12,18,22,33,41,] -> [0,8,12,18,22,25,33,41,] : 558.0
2.176376408240307E-8, [0,3,8,12,18,22,33,40,41,] -> [0,3,8,12,18,22,25,33,40,41,] : 629.0
20.0, [0,3,8,12,18,22,23,25,33,40,41,] -> [0,3,8,12,18,22,23,25,26,33,40,41,] : 664.0
20.0, [0,3,8,12,18,22,23,25,33,40,41,] ---> [0,3,8,12,18,22,23,25,33,34,40,41,] : 714.0
1.5157165665103978, [0,3,8,12,18,22,23,25,33,40,41,] -> [0,3,8,12,18,22,23,25,32,33,40,41,] : 664.0
1.5157165665103978, [0,3,8,12,18,22,23,25,33,40,41,] -> [0,3,4,8,12,18,22,23,25,33,40,41,] : 664.0
0.11486983549970345, [0,3,8,12,18,22,23,25,33,40,41,] -> [0,3,8,12,18,19,22,23,25,33,40,41,] : 707.0
0.008705505632961236, [0,3,8,12,18,22,23,25,33,40,41,] ---> [0,3,8,12,13,18,22,23,25,33,40,41,] : 694.0
6.597539553864466E-4, [0,3,8,12,18,22,23,25,33,40,41,] -> [0,3,8,12,18,22,23,25,33,39,40,41,] : 762.0
3.7892914162759905E-6, [0,3,8,12,18,22,23,25,33,40,41,] -> [0,3,8,12,18,22,23,25,33,39,40,41,] : 762.0
2.8717458874925836E-7, [0,3,8,12,18,22,23,25,26,33,40,41,] -> [0,3,8,12,18,22,23,25,26,33,37,40,41,] : 811.0
20.0, [0,3,8,12,18,22,23,25,26,33,34,37,40,41,] -> [0,3,6,8,12,18,22,23,25,26,33,34,37,40,41,] : 872.0
20.0, [0,3,8,12,18,22,23,25,26,33,34,37,40,41,] -> [0,3,8,12,18,21,22,23,25,26,33,34,37,40,41,] : 868.0
20.0, [0,3,8,12,18,22,23,25,26,33,34,37,40,41,] -> [0,3,8,12,18,22,23,25,26,29,33,34,37,40,41,] : 911.0
1.5157165665103978, [0,3,8,12,18,22,23,25,26,33,34,37,40,41,] -> [0,3,8,12,18,22,23,25,26,29,33,34,37,40,41,] : 911.0
0.11486983549970345, [0,3,8,12,18,22,23,25,26,33,34,37,40,41,] -> [0,3,5,8,12,18,22,23,25,26,33,34,37,40,41,] : 926.0
4.999999999999995E-5, [0,3,8,12,18,21,22,23,25,26,33,34,37,40,41,] -> [0,3,8,12,18,20,21,22,23,25,26,33,34,37,40,41,] : 934.0
1.649384888466115E-9, [0,3,6,8,12,18,22,23,25,26,33,34,37,40,41,] -> [0,3,6,8,12,18,22,23,24,25,26,33,34,37,40,41,] : 950.0
3.1249999999999906E-16, [0,3,8,12,18,22,23,25,26,33,34,37,40,41,] ---> [0,3,8,10,12,18,22,23,25,26,33,34,37,40,41,] : 945.0
1.0308655552913197E-20, [0,3,8,12,18,22,23,25,26,33,34,37,40,41,] ---> [0,3,8,11,12,18,22,23,25,26,33,34,37,40,41,] : 931.0
5.920767837931217E-23, [0,3,8,12,18,22,23,25,26,33,34,37,40,41,] -> [0,3,8,12,18,22,23,25,26,33,34,37,39,40,41,] : 966.0
5.313418965430402E-42, [0,3,8,12,18,22,23,25,26,33,34,37,40,41,] ---> [0,3,8,12,18,22,23,25,26,33,34,36,37,40,41,] : 956.0
7.629394531249927E-50, [0,3,8,12,18,22,23,25,26,33,34,37,40,41,] ---> [0,3,8,12,18,19,22,23,25,26,33,34,37,40,41,] : 941.0
7.629394531249927E-50, [0,3,8,12,18,22,23,25,26,33,34,37,40,41,] -> [0,3,8,12,16,18,22,23,25,26,33,34,37,40,41,] : 941.0
20.0, [0,3,8,12,16,18,22,23,25,26,33,34,37,40,41,43,] -> [0,3,8,12,16,18,22,23,25,26,33,34,37,40,41,43,44] : 967.0
0.11486983549970345, [0,3,8,12,16,18,22,23,25,26,33,34,37,40,41,43,] -> [0,1,3,8,12,16,18,22,23,25,26,33,34,37,40,41,43,] : 1012.0
2.176376408240307E-8, [0,3,8,12,16,18,22,23,25,26,33,34,37,40,41,43,] -> [0,3,8,10,12,16,18,22,23,25,26,33,34,37,40,41,43,] : 1019.0
1.0308655552913197E-20, [0,3,8,12,16,18,22,23,25,26,33,34,37,40,41,43,] -> [0,3,8,12,16,18,22,23,24,25,26,33,34,37,40,41,43,] : 1008.0
1.0308655552913197E-20, [0,3,8,12,16,18,22,23,25,26,33,34,37,40,41,43,] ---> [0,2,3,8,12,16,18,22,23,25,26,33,34,37,40,41,43,] : 1008.0
4.487102949207148E-24, [0,3,8,12,16,18,22,23,25,26,33,34,37,40,41,43,] -> [0,3,8,10,12,16,18,22,23,25,26,33,34,37,40,41,43,] : 1008.0
4.487102949207148E-24, [0,3,8,12,16,18,22,23,25,26,33,34,37,40,41,43,] ---> [0,2,3,8,12,16,18,22,23,25,26,33,34,37,40,41,43,] : 1008.0
8.501470344688662E-31, [0,3,8,12,16,18,22,23,25,26,33,34,37,40,41,43,] ---> [0,3,8,12,16,18,22,23,25,26,33,34,37,40,41,42,43,] : 958.0
3.700479898707002E-34, [0,3,8,12,16,18,22,23,25,26,33,34,37,40,41,43,] -> [0,3,8,12,16,18,22,23,25,26,27,33,34,37,40,41,43,] : 980.0
2.1253675861721633E-36, [0,3,8,12,16,18,22,23,25,26,33,34,37,40,41,43,] -> [0,3,8,10,12,16,18,22,23,25,26,33,34,37,40,41,43,] : 1019.0
4.0268185753566995E-43, [0,3,8,12,16,18,22,23,25,26,33,34,37,40,41,43,] ---> [0,1,3,8,12,16,18,22,23,25,26,33,34,37,40,41,43,] : 1005.0
4.0268185753566995E-43, [0,3,8,12,16,18,22,23,25,26,33,34,37,40,41,43,] ---> [0,3,8,11,12,16,18,22,23,25,26,33,34,37,40,41,43,] : 1005.0
1.0067046438391738E-48, [0,3,8,12,16,18,22,23,25,26,33,34,37,40,41,43,] ---> [0,3,8,12,16,18,22,23,25,26,30,33,34,37,40,41,43,] : 938.0
1.0067046438391738E-48, [0,3,8,12,16,18,22,23,25,26,33,34,37,40,41,43,] ---> [0,3,8,12,16,18,22,23,25,26,31,33,34,37,40,41,43,] : 938.0
1.0067046438391738E-48, [0,3,8,12,16,18,22,23,25,26,33,34,37,40,41,43,] ---> [0,3,6,8,12,16,18,22,23,25,26,33,34,37,40,41,43,] : 938.0
7.629394531249927E-50, [0,3,8,12,16,18,22,23,25,26,33,34,37,40,41,43,] -> [0,3,8,12,13,16,18,22,23,25,26,33,34,37,40,41,43,] : 938.0
4.381936473835081E-52, [0,3,8,12,16,18,22,23,25,26,33,34,37,40,41,43,] ---> [0,3,8,12,16,18,22,23,25,26,34,37,40,41,43,] : 938.0
20.0, [0,3,8,12,16,18,22,23,25,26,33,34,37,40,41,43,] -> [0,3,8,12,16,18,22,23,25,26,32,33,34,37,40,41,43,] : 992.0
6.597539553864466E-4, [0,3,8,12,16,18,22,23,25,26,33,34,37,40,41,43,] -> [0,1,3,8,12,16,18,22,23,25,26,33,34,37,40,41,43,] : 1012.0
1.649384888466115E-9, [0,3,8,12,16,18,22,23,25,26,33,34,37,40,41,43,] ---> [0,3,8,12,16,18,19,22,23,25,26,33,34,37,40,41,43,] : 985.0
9.473228540689967E-12, [0,3,8,12,16,18,22,23,25,26,33,34,37,40,41,43,] -> [0,3,8,12,16,18,21,22,23,25,26,33,34,37,40,41,43,] : 1000.0
7.179364718731452E-13, [0,3,8,12,16,18,22,23,25,26,33,34,37,40,41,43,] ---> [0,3,8,12,16,18,19,22,23,25,26,33,34,37,40,41,43,] : 985.0
3.1249999999999906E-16, [0,3,8,12,16,18,22,23,25,26,33,34,37,40,41,43,] -> [0,3,8,11,12,16,18,22,23,25,26,33,34,37,40,41,43,] : 1005.0
1.794841179682861E-18, [0,3,8,12,16,18,22,23,25,26,33,34,37,40,41,43,] -> [0,2,3,8,12,16,18,22,23,25,26,33,34,37,40,41,43,] : 1008.0
4.487102949207148E-24, [0,3,8,12,16,18,22,23,25,26,33,34,37,40,41,43,] ---> [0,3,8,12,16,18,22,23,25,26,32,33,34,37,40,41,43,] : 992.0
2.5771638882282963E-26, [0,3,8,12,16,18,22,23,25,26,33,34,37,40,41,43,] ---> [0,3,8,12,16,18,22,23,25,26,33,34,35,37,40,41,43,] : 947.0
1.9531249999999898E-27, [0,3,8,12,16,18,22,23,25,26,33,34,37,40,41,43,] -> [0,3,8,12,16,18,22,23,25,26,33,34,37,40,41,42,43,] : 958.0
4.882812499999969E-33, [0,3,8,12,16,18,22,23,25,26,33,34,37,40,41,43,] ---> [0,3,6,8,12,16,18,22,23,25,26,33,34,37,40,41,43,] : 950.0
4.882812499999969E-33, [0,3,8,12,16,18,22,23,25,26,33,34,37,40,41,43,] -> [0,3,8,12,14,16,18,22,23,25,26,33,34,37,40,41,43,] : 950.0
2.1253675861721633E-36, [0,3,8,12,16,18,22,23,25,26,33,34,37,40,41,43,] -> [0,3,8,12,16,18,19,22,23,25,26,33,34,37,40,41,43,] : 985.0
1.220703124999991E-38, [0,3,8,12,16,18,22,23,25,26,33,34,37,40,41,43,] -> [0,3,8,9,12,16,18,22,23,25,26,33,34,37,40,41,43,] : 987.0
9.251199746767496E-40, [0,3,8,12,16,18,22,23,25,26,33,34,37,40,41,43,] ---> [0,3,8,12,16,18,22,23,25,26,33,34,37,40,41,43,44] : 960.0
9.251199746767496E-40, [0,3,8,12,16,18,22,23,25,26,33,34,37,40,41,43,] ---> [0,3,8,12,15,16,18,22,23,25,26,33,34,37,40,41,43,] : 960.0
9.251199746767496E-40, [0,3,8,12,16,18,22,23,25,26,33,34,37,40,41,43,] -> [0,3,8,12,16,18,22,23,25,26,28,33,34,37,40,41,43,] : 960.0
3.051757812499974E-44, [0,3,8,12,16,18,22,23,25,26,33,34,37,40,41,43,] -> [0,1,3,8,12,16,18,22,23,25,26,33,34,37,40,41,43,] : 1012.0
1.9073486328124796E-55, [0,3,8,12,16,18,22,23,25,26,33,34,37,40,41,43,] -> [0,3,8,12,16,18,22,23,25,26,33,34,37,39,40,41,43,] : 1040.0
20.0, [0,3,8,12,16,18,22,25,26,33,34,37,39,40,41,43,] -> [0,3,8,12,16,18,22,25,26,33,34,35,37,39,40,41,43,] : 1010.0
0.008705505632961236, [0,3,8,12,16,18,22,25,26,33,34,37,39,40,41,43,] -> [0,3,8,9,12,16,18,22,25,26,33,34,37,39,40,41,43,] : 1050.0
3.7892914162759905E-6, [0,3,8,12,16,18,22,25,26,33,34,37,39,40,41,43,] -> [0,2,3,8,12,16,18,22,25,26,33,34,37,39,40,41,43,] : 1071.0
1.649384888466115E-9, [0,3,8,12,16,18,22,25,26,33,34,37,39,40,41,43,] -> [0,2,3,8,12,16,18,22,25,26,33,34,37,39,40,41,43,] : 1071.0
2.176376408240307E-8, [0,3,8,12,16,18,22,25,26,33,34,37,39,40,41,43,] ---> [0,3,8,12,16,18,22,25,26,31,33,34,37,39,40,41,43,] : 1071.0
7.179364718731452E-13, [0,3,8,12,16,18,22,25,26,33,34,37,39,40,41,43,] -> [0,2,3,8,12,16,18,22,25,26,33,34,37,39,40,41,43,] : 1071.0
4.123462221165283E-15, [0,3,8,12,16,18,22,25,26,33,34,37,39,40,41,43,] -> [0,3,8,10,12,16,18,22,25,26,33,34,37,39,40,41,43,] : 1082.0
1.0308655552913197E-20, [0,3,8,12,16,18,22,25,26,33,34,37,39,40,41,43,] ---> [0,3,8,11,12,16,18,22,25,26,33,34,37,39,40,41,43,] : 1068.0
5.920767837931217E-23, [0,3,8,12,16,18,22,25,26,33,34,37,39,40,41,43,] -> [0,2,3,8,12,16,18,22,25,26,33,34,37,39,40,41,43,] : 1048.0
5.920767837931217E-23, [0,3,8,12,16,18,22,25,26,33,34,37,39,40,41,43,] ---> [0,3,8,12,16,18,22,25,26,29,33,34,37,39,40,41,43,] : 1048.0
3.4005881378754686E-25, [0,3,8,12,16,18,22,25,26,33,34,37,39,40,41,43,] -> [0,3,8,12,16,18,22,24,25,26,33,34,37,39,40,41,43,] : 1083.0
4.0268185753566995E-43, [0,3,8,12,16,18,22,25,26,33,34,37,39,40,41,43,] ---> [0,3,8,12,16,18,22,25,26,29,33,34,37,39,40,41,43,] : 1048.0
1.7527745895340344E-46, [0,3,8,12,16,18,22,25,26,33,34,37,39,40,41,43,] -> [0,3,8,10,12,16,18,22,25,26,33,34,37,39,40,41,43,] : 1082.0
4.381936473835081E-52, [0,3,8,12,16,18,22,25,26,33,34,37,39,40,41,43,] ---> [0,3,8,12,16,18,22,25,26,33,34,37,39,40,41,42,43,] : 1075.0
4.381936473835081E-52, [0,3,8,12,16,18,22,25,26,33,34,37,39,40,41,43,] ---> [0,3,8,12,16,18,19,22,25,26,33,34,37,39,40,41,43,] : 1075.0
2.5167616095979317E-54, [0,3,8,12,16,18,22,25,26,33,34,37,39,40,41,43,] -> [0,1,3,8,12,16,18,22,25,26,33,34,37,39,40,41,43,] : 1075.0
20.0, [0,1,3,8,12,13,16,18,22,25,26,33,34,37,39,40,41,43,] ---> [0,1,3,8,12,13,16,18,22,25,26,34,37,39,40,41,43,] : 1101.0
1.5157165665103978, [0,1,3,8,12,13,16,18,22,25,26,33,34,37,39,40,41,43,] -> [0,1,3,8,12,13,16,18,22,25,26,33,34,37,39,40,41,43,44] : 1130.0
0.008705505632961236, [0,1,3,8,12,13,16,18,22,25,26,33,34,37,39,40,41,43,] -> [0,1,3,8,12,13,16,18,21,22,25,26,33,34,37,39,40,41,43,] : 1163.0
4.999999999999995E-5, [0,1,3,8,12,13,16,18,22,25,26,33,34,37,39,40,41,43,] -> [0,1,3,8,12,13,16,18,22,24,25,26,33,34,37,39,40,41,43,] : 1183.0
5.920767837931217E-23, [0,1,3,8,12,13,16,18,22,25,26,33,34,37,39,40,41,43,] -> [0,1,3,8,12,13,16,18,22,25,26,33,34,36,37,39,40,41,43,] : 1193.0
3.4005881378754686E-25, [0,1,3,8,12,13,16,18,22,25,26,33,34,37,39,40,41,43,] ---> [0,1,3,8,12,13,16,18,21,22,25,26,33,34,37,39,40,41,43,] : 1163.0
1.9531249999999898E-27, [0,1,3,8,12,13,16,18,22,25,26,33,34,37,39,40,41,43,] -> [0,1,3,5,8,12,13,16,18,22,25,26,33,34,37,39,40,41,43,] : 1163.0
3.700479898707002E-34, [0,1,3,8,12,13,16,18,22,25,26,33,34,37,39,40,41,43,] ---> [0,1,3,8,12,13,16,18,22,25,26,33,34,37,39,40,41,43,44] : 1130.0
2.1253675861721633E-36, [0,1,3,8,12,13,16,18,22,25,26,33,34,37,39,40,41,43,] -> [0,1,3,8,11,12,13,16,18,22,25,26,33,34,37,39,40,41,43,] : 1168.0
4.0268185753566995E-43, [0,1,3,8,12,13,16,18,22,25,26,33,34,37,39,40,41,43,] -> [0,1,3,8,11,12,13,16,18,22,25,26,33,34,37,39,40,41,43,] : 1168.0
3.320886853393994E-53, [0,1,3,8,12,13,16,18,22,25,26,33,34,37,39,40,41,43,] -> [0,1,2,3,8,12,13,16,18,22,25,26,33,34,37,39,40,41,43,] : 1109.0
3.320886853393994E-53, [0,1,3,8,12,13,16,18,22,25,26,33,34,37,39,40,41,43,] ---> [0,1,3,8,9,12,13,16,18,22,25,26,33,34,37,39,40,41,43,] : 1109.0
3.320886853393994E-53, [0,1,3,8,12,13,16,18,22,25,26,33,34,37,39,40,41,43,] ---> [0,1,3,6,8,12,13,16,18,22,25,26,33,34,37,39,40,41,43,] : 1109.0
1.5157165665103978, [0,1,3,6,8,12,13,15,16,18,22,25,26,33,34,37,39,40,41,43,] -> [0,1,3,6,8,12,13,14,15,16,18,22,25,26,33,34,37,39,40,41,43,] : 1135.0
0.11486983549970345, [0,1,3,6,8,12,13,15,16,18,22,25,26,33,34,37,39,40,41,43,] -> [0,1,3,6,8,12,13,15,16,18,22,25,26,33,34,37,38,39,40,41,43,] : 1161.0
0.008705505632961236, [0,1,3,6,8,12,13,15,16,18,22,25,26,33,34,37,39,40,41,43,] -> [0,1,3,6,8,12,13,15,16,18,22,25,26,30,33,34,37,39,40,41,43,] : 1170.0
2.176376408240307E-8, [0,1,3,6,8,12,13,15,16,18,22,25,26,33,34,37,39,40,41,43,] ---> [0,1,3,6,8,12,13,15,16,18,22,25,26,28,33,34,37,39,40,41,43,] : 1167.0
1.794841179682861E-18, [0,1,3,6,8,12,13,15,16,18,22,25,26,33,34,37,39,40,41,43,] -> [0,1,3,6,8,10,12,13,15,16,18,22,25,26,33,34,37,39,40,41,43,] : 1204.0
7.812499999999968E-22, [0,1,3,6,8,12,13,15,16,18,22,25,26,33,34,37,39,40,41,43,] -> [0,1,3,6,8,10,12,13,15,16,18,22,25,26,33,34,37,39,40,41,43,] : 1204.0
1.1217757373017857E-29, [0,1,3,6,8,12,13,15,16,18,22,25,26,33,34,37,39,40,41,43,] ---> [0,1,3,6,8,12,13,15,16,18,22,25,26,33,34,37,38,39,40,41,43,] : 1161.0
4.882812499999969E-33, [0,1,3,6,8,12,13,15,16,18,22,25,26,33,34,37,39,40,41,43,] -> [0,1,3,6,8,9,12,13,15,16,18,22,25,26,33,34,37,39,40,41,43,] : 1172.0
2.804439343254461E-35, [0,1,3,6,8,12,13,15,16,18,22,25,26,33,34,37,39,40,41,43,] ---> [0,1,3,6,8,12,13,15,16,18,22,25,26,27,33,34,37,39,40,41,43,] : 1132.0
2.804439343254461E-35, [0,1,3,6,8,12,13,15,16,18,22,25,26,33,34,37,39,40,41,43,] ---> [0,1,3,6,8,12,13,15,16,18,22,25,26,33,34,35,37,39,40,41,43,] : 1172.0
2.1253675861721633E-36, [0,1,3,6,8,12,13,15,16,18,22,25,26,33,34,37,39,40,41,43,] -> [0,1,3,6,8,12,13,15,16,18,22,25,26,33,34,37,39,40,41,43,44] : 1172.0
2.1253675861721633E-36, [0,1,3,6,8,12,13,15,16,18,22,25,26,33,34,37,39,40,41,43,] -> [0,1,3,6,8,9,12,13,15,16,18,22,25,26,33,34,37,39,40,41,43,] : 1172.0
7.011098358136145E-41, [0,1,3,6,8,12,13,15,16,18,22,25,26,33,34,37,39,40,41,43,] ---> [0,1,3,6,8,12,13,15,16,18,19,22,25,26,33,34,37,39,40,41,43,] : 1190.0
4.0268185753566995E-43, [0,1,3,6,8,12,13,15,16,18,22,25,26,33,34,37,39,40,41,43,] -> [0,1,3,6,8,11,12,13,15,16,18,22,25,26,33,34,37,39,40,41,43,] : 1190.0
5.781999841729672E-51, [0,1,3,6,8,12,13,15,16,18,22,25,26,33,34,37,39,40,41,43,] -> [0,1,3,6,8,11,12,13,15,16,18,22,25,26,33,34,37,39,40,41,43,] : 1190.0